0.0 0.5 0.0 -0.5 0.7
0.10020040080160321 0.490163799274 -0.193581362365 -0.421024204277 0.873673569209
0.20040080160320642 0.461877800652 -0.367078429098 -0.325560950205 1.02803353208
0.30060120240480964 0.417494216724 -0.513864172042 -0.215849640807 1.15714741887
0.40080160320641284 0.359978709612 -0.628358724049 -0.0946786945669 1.25602298838
0.501002004008016 0.292794937803 -0.706242456655 0.0347180919771 1.32079902654
0.6012024048096193 0.219768372747 -0.744622824721 0.168783746545 1.34889473923
0.7014028056112225 0.144938438507 -0.742143172857 0.303770774162 1.33910716848
0.8016032064128257 0.0724010415091 -0.699035315715 0.435882416709 1.29165825451
0.9018036072144289 0.00614939767001 -0.617110397127 0.561415433633 1.20818662299
1.002004008016032 -0.0500812213701 -0.499689138111 0.676899370269 1.09168509174
1.1022044088176353 -0.0929588128801 -0.351474279735 0.779226931428 0.946386409376
1.2024048096192386 -0.119684527732 -0.178370141702 0.865770524959 0.777601632803
1.3026052104208417 -0.12810198824 0.0127440965991 0.93448038377 0.591517059562
1.402805611222445 -0.116782095418 0.214278184381 0.983960734373 0.394957961086
1.503006012024048 -0.0850798539496 0.418222089669 1.01352090266 0.19512768428
1.6032064128256514 -0.0331610845043 0.616453359043 1.0231994488 -0.000667640963187
1.7034068136272544 0.0380018903115 0.801048770893 1.01376051259 -0.185298243007
1.8036072144288577 0.126665584708 0.964588452177 0.986662370495 -0.352083104811
1.9038076152304608 0.230380258624 1.10044072429 0.943999506309 -0.495045107358
2.004008016032064 0.3460819505 1.20301680248 0.888420385835 -0.609139181114
2.1042084168336674 0.470208105345 1.26798556279 0.82302409493 -0.690444702316
2.2044088176352705 0.598832391282 1.29244014849 0.751239786772 -0.73631476571
2.3046092184368736 0.727813450913 1.27501033844 0.676693642652 -0.745476891495
2.404809619238477 0.852952105246 1.21591555965 0.603068255074 -0.718080583233
2.50501002004008 0.970150691195 1.11695710318 0.533960091517 -0.655690446507
2.6052104208416833 1.07556885674 0.981452038598 0.472740121551 -0.56122710242
2.7054108216432864 1.16576936677 0.814103051041 0.422423378957 -0.438850723751
2.80561122244489 1.23784840036 0.620822637175 0.385552403006 -0.293803702502
2.905811623246493 1.28954597577 0.408506389191 0.364098464511 -0.132207729127
3.006012024048096 1.31933139977 0.184770268207 0.359385147187 0.0391713730634
3.1062124248496996 1.32646117387 -0.0423407930085 0.372036583178 0.213184485749
3.2064128256513027 1.31100655611 -0.264659257491 0.40195285104 0.382573437359
3.306613226452906 1.27385032684 -0.47420732897 0.44831294041 0.540250596081
3.406813627254509 1.21665236034 -0.663501240179 0.509605639802 0.679571247218
3.5070140280561124 1.14178566378 -0.82583700748 0.583686859607 0.794589372931
3.6072144288577155 1.05224505454 -0.955546159552 0.667861445899 0.880286543597
3.7074148296593186 0.951532142542 -1.0482112146 0.758986201826 0.932764764211
3.8076152304609217 0.843521765081 -1.10083581371 0.853589507287 0.949398715826
3.907815631262525 0.73231213289 -1.11195560719 0.94800551288 0.928934942324
4.008016032064128 0.622069188083 -1.08169500854 1.03851350717 0.87154256275
4.108216432865731 0.516866661273 -1.01176103762 1.12148112372 0.778807648522
4.208416833667335 0.420530678953 -0.905377076195 1.19350346248 0.653673793828
4.3086172344689375 0.336493238347 -0.767158109553 1.25153425973 0.500330288557
4.408817635270541 0.267661415127 -0.602932926995 1.29300295871 0.324052794901
4.509018036072145 0.216306726957 -0.419520167083 1.31591372046 0.13100269387
4.609218436873747 0.183978593882 -0.224465840868 1.31892284572 -0.0720080626267
4.709418837675351 0.171445928805 -0.0257534768314 1.30139099644 -0.277776614923
4.809619238476954 0.178668535338 0.168502615826 1.26340871515 -0.478983974264
4.909819639278557 0.20479963129 0.350369161918 1.20579406168 -0.66847434688
5.01002004008016 0.248219369994 0.512398671771 1.13006248214 -0.839528131019
5.110220440881764 0.306598021783 0.647915508218 1.03837010795 -0.986118180122
5.210420841683367 0.376986577945 0.751272923973 0.933432489256 -1.10314006816
5.31062124248497 0.455930964674 0.818069504847 0.818422176689 -1.18660600105
5.410821643286573 0.539605749281 0.845318919674 0.696848839327 -1.23379691242
5.511022044088176 0.623962242795 0.831565134161 0.572426482242 -1.24336572049
5.61122244488978 0.704885137353 0.776939046678 0.44893301296 -1.21538812624
5.7114228456913825 0.778351827686 0.683154057287 0.330067396302 -1.15135872438
5.811623246492986 0.840588203037 0.553441244538 0.219309962171 -1.05413303078
5.9118236472945895 0.88821504293 0.392426236193 0.119791120019 -0.92781729441
6.012024048096192 0.918379317942 0.205952778456 0.0341735835858 -0.777610575251
6.112224448897796 0.928865434102 0.000859463044527 -0.0354474509226 -0.609604872045
6.212424849699399 0.918182081985 -0.21528158923 -0.0876222873755 -0.430551178997
6.312625250501002 0.885621443712 -0.434454246103 -0.121599965174 -0.247600284759
6.412825651302605 0.831288400009 -0.648504846268 -0.137354635771 -0.0680283756512
6.513026052104208 0.756098702321 -0.849454078489 -0.135584153036 0.101042198021
6.613226452905812 0.661746086989 -1.02980214509 -0.117680856436 0.252916146279
6.713426853707415 0.550639661961 -1.18281565362 -0.0856757379896 0.381582106158
6.813627254509018 0.425813944526 -1.30278518985 -0.0421581224622 0.481943258603
6.913827655310621 0.290814919971 -1.38524370034 0.0098261219983 0.550012855708
7.014028056112225 0.149566588274 -1.42713733642 0.0668938430133 0.583067182644
7.114228456913827 0.00622302103274 -1.42694223961 0.125456836117 0.579750115975
7.214428857715431 -0.134988361338 -1.38472273958 0.181861937122 0.540125222692
7.3146292585170345 -0.269926285835 -1.30212877623 0.232533596675 0.46567344047
7.414829659318637 -0.394691861721 -1.18233265032 0.274113533407 0.35923643254
7.515030060120241 -0.505775426554 -1.02990757438 0.303591979173 0.224907830657
7.615230460921843 -0.600188760537 -0.850652397651 0.318425821956 0.0678762827585
7.715430861723447 -0.675576941751 -0.651369647366 0.316638518149 -0.105773298878
7.81563126252505 -0.730306277138 -0.439604931809 0.296898582138 -0.28929308451
7.915831663326653 -0.763524276972 -0.223358625926 0.258573042915 -0.475530489494
8.016032064128256 -0.775190184321 -0.0107791580754 0.20175453518 -0.657202807938
8.11623246492986 -0.766074121144 0.190148666176 0.127260289738 -0.827176285951
8.216432865731463 -0.737725279333 0.371909188853 0.0366034071396 -0.978739681794
8.316633266533065 -0.692410304135 0.527743437979 -0.0680625574449 -1.10586171503
8.41683366733467 -0.633024246644 0.651907589945 -0.184023569393 -1.20342247419
8.517034068136272 -0.562977474443 0.739892557451 -0.308106614549 -1.26741000869
8.617234468937875 -0.486062913318 0.788596188127 -0.436798807568 -1.2950744803
8.71743486973948 -0.406308629253 0.796441531358 -0.566379622627 -1.28503401546
8.817635270541082 -0.327821567659 0.763436841623 -0.693061037139 -1.23732837973
8.917835671342685 -0.254628214682 0.69117469435 -0.813130425699 -1.15341812461
9.01803607214429 -0.190518400953 0.582770301083 -0.923090633702 -1.03612928468
9.118236472945892 -0.138898308777 0.442741435126 -1.01979180271 -0.889545784302
9.218436873747494 -0.102658152405 0.276834845261 -1.10055004928 -0.718853921764
9.318637274549099 -0.084059958377 0.091804808388 -1.16324813703 -0.530143991266
9.418837675350701 -0.0846490558177 -0.104845374035 -1.20641490926 -0.330178718523
9.519038076152304 -0.105193377052 -0.305151899764 -1.22927980974 -0.12613481055
9.619238476953909 -0.145652548837 -0.50099648907 -1.23180071807 0.0746711680594
9.719438877755511 -0.205178028914 -0.684418040203 -1.21466397594 0.265061965235
9.819639278557114 -0.282144259354 -0.847918375389 -1.17925662936 0.43827352245
9.919839679358718 -0.374209691901 -0.98475041815 -1.12761191182 0.588213125892
10.02004008016032 -0.478405318886 -1.08917749133 -1.0623300872 0.709691699175
10.120240480961924 -0.591247255476 -1.15669387453 -0.986477745435 0.798621406793
10.220440881763528 -0.708869492267 -1.18419887005 -0.903469026041 0.852171627387
10.32064128256513 -0.827170793384 -1.17011567322 -0.816934164399 0.868875502235
10.420841683366733 -0.941971099678 -1.11445330074 -0.730579516123 0.848685494903
10.521042084168336 -1.04917098349 -1.01880709865 -0.648044838288 0.792973951654
10.62124248496994 -1.1449080977 -0.886298757118 -0.572763251556 0.704479492549
10.721442885771543 -1.22570467761 -0.721457808891 -0.507829203639 0.587201003423
10.821643286573146 -1.28860034561 -0.530049019691 -0.455879582894 0.446243175913
10.92184368737475 -1.33126522507 -0.318852741393 -0.418992453769 0.287619927233
11.022044088176353 -1.35208906782 -0.0954061792111 -0.398607260676 0.118022819603
11.122244488977955 -1.35024284782 0.132284129562 -0.395469676757 -0.0554362996107
11.22244488977956 -1.32571060943 0.356048026952 -0.40960307819 -0.225498946678
11.322645290581162 -1.27929021123 0.567863560546 -0.440307860859 -0.385039126234
11.422845691382765 -1.21256305322 0.760163213987 -0.486188520802 -0.527337445557
11.52304609218437 -1.12783387831 0.9261227129 -0.545207521798 -0.646339626124
11.623246492985972 -1.0280429612 1.05992136343 -0.614763878446 -0.73688952403
11.723446893787575 -0.916654056751 1.15696392036 -0.691793435657 -0.794927701933
11.823647294589179 -0.797522525536 1.21405574419 -0.772886888258 -0.817648173478
11.923847695390782 -0.674748317562 1.22952404097 -0.854421349466 -0.803606867298
12.024048096192384 -0.552519875222 1.20328096831 -0.932700040623 -0.75277803499
12.124248496993989 -0.43495468584 1.13682593182 -1.004094971 -0.666556207132
12.224448897795591 -0.325942647015 1.03318758056 -1.0651870889 -0.547704153046
12.324649298597194 -0.228998189073 0.896806759669 -1.11289858116 -0.400247971035
12.424849699398798 -0.147126997532 0.733365208663 -1.14461208904 -0.229323597372
12.525050100200401 -0.0827120955927 0.549567535025 -1.15827257848 -0.040981476782
12.625250501002004 -0.037424199088 0.352882885531 -1.15246746565 0.158044854151
12.725450901803606 -0.0121592400075 0.151258625111 -1.12648240507 0.360595247421
12.82565130260521 -0.00700545735531 -0.0471847350421 -1.08033059231 0.559356211869
12.925851703406813 -0.0212417927813 -0.234465629002 -1.01475402567 0.747140464142
13.026052104208416 -0.0533672231616 -0.403047778251 -0.931197056761 0.917161327825
13.12625250501002 -0.101160124081 -0.546129458361 -0.831753041566 1.06329183828
13.226452905811623 -0.161765016525 -0.657904947186 -0.719086463385 1.18029893298
13.326653306613226 -0.231804311665 -0.73378704936 -0.596332663611 1.2640427825
13.42685370741483 -0.307509316532 -0.770583676602 -0.466980318706 1.31163497563
13.527054108216433 -0.384866714973 -0.76662061419 -0.334740053315 1.32154851117
13.627254509018035 -0.459774418296 -0.721806091742 -0.203404657555 1.29367567243
13.72745490981964 -0.528200849166 -0.637634820727 -0.0767062248347 1.22933169123
13.827655310621243 -0.586341675691 -0.517131109071 0.0418244316665 1.13120385223
13.927855711422845 -0.630767603611 -0.364733340804 0.14899035941 1.00324808646
14.02805611222445 -0.65855792581 -0.186124485943 0.242048296637 0.850537231433
14.128256513026052 -0.667414862077 0.0119853986475 0.318811303866 0.679066295599
14.228456913827655 -0.655753988387 0.22211570918 0.377729986831 0.49552275796
14.32865731462926 -0.622767042751 0.43630200757 0.417948985615 0.307029843864
14.428857715430862 -0.568455402636 0.646400615289 0.439337202592 0.120873783903
14.529058116232465 -0.493632434482 0.844400411883 0.442490157409 -0.055775383616
14.629258517034069 -0.399894696861 1.02272970573 0.428704451976 -0.216138602248
14.729458917835672 -0.289563223691 1.17454610882 0.399925443201 -0.354087372177
14.829659318637274 -0.165597004874 1.29399865837 0.358670019068 -0.464378477395
14.929859719438877 -0.0314821840819 1.3764522014 0.307927629419 -0.54285492483
15.030060120240481 0.108899301974 1.4186646888 0.25104290603 -0.586604719677
15.130260521042084 0.251415872677 1.41891167982 0.191585038524 -0.594072373368
15.230460921843687 0.391842172407 1.37705263613 0.133208444516 -0.565118290064
15.330661322645291 0.526018598706 1.29453648637 0.0795101605868 -0.501023775612
15.430861723446894 0.650008320862 1.1743464544 0.0338894776793 -0.404441663065
15.531062124248496 0.760245845822 1.0208860664 -0.000584857590287 -0.279294269543
15.6312625250501 0.853671170679 0.83981095037 -0.0212945384711 -0.130622815753
15.731462925851703 0.927844897433 0.637812624812 -0.0261745498806 0.0356061428241
15.831663326653306 0.981039474955 0.42236265708 -0.0137946472531 0.212729768566
15.93186372745491 1.01230326507 0.201426989506 0.0165834950109 0.393644704284
16.03206412825651 1.02149491667 -0.0168386016384 0.06497571818 0.571079726832
16.132264529058116 1.00928677573 -0.224400309654 0.130672535629 0.737874900069
16.23246492985972 0.977137180514 -0.413653316223 0.212264145737 0.88725643931
16.33266533066132 0.92723278931 -0.577712503604 0.307692273315 1.01309696973
16.432865731462925 0.862402993627 -0.710675507494 0.414327000933 1.1101510127
16.53306613226453 0.78600967365 -0.80784774477 0.529065673269 1.17425641786
16.63326653306613 0.701817033319 -0.865921981705 0.648449632144 1.20249508371
16.733466933867735 0.613845638861 -0.883104003745 0.768795088805 1.19330540999
16.83366733466934 0.526216932072 -0.859180292784 0.886332517492 1.14654281576
16.93386773547094 0.442993980003 -0.795525625022 0.997349410587 1.06348645474
17.034068136272545 0.368024500504 -0.695049598785 1.09833098673 0.946791240854
17.13426853707415 0.304792148407 -0.562084502684 1.18609349248 0.80038734259
17.23446893787575 0.25628211966 -0.402216847054 1.25790467268 0.629329226523
17.334669338677354 0.224865712353 -0.222074440093 1.31158725619 0.439604889928
17.43486973947896 0.212208428679 -0.0290708923503 1.34560135072 0.237906969143
17.53507014028056 0.219205357704 0.168879297741 1.35910239826 0.0313775020499
17.635270541082164 0.245946153964 0.363664869475 1.3519726176 -0.172664514285
17.73547094188377 0.291710845509 0.547289580561 1.32482482935 -0.367002422394
17.83567134268537 0.354996871928 0.712179382509 1.27897830439 -0.544797080469
17.935871743486974 0.43357615866 0.851473572374 1.21640770478 -0.699847690628
18.03607214428858 0.524580032987 0.959288493467 1.13966708205 -0.826828046147
18.13627254509018 0.624608973889 1.03094437266 1.0517916265 -0.921489768897
18.236472945891784 0.72986254157 1.06314500296 0.956181334925 -0.980823321042
18.336673346693388 0.836284870373 1.05410527298 0.856470730699 -1.00317231491
18.43687374749499 0.93972004384 1.00362053271 0.756389723606 -0.988295738447
18.537074148296593 1.03607148225 0.913075528724 0.659620865557 -0.937376066033
18.637274549098198 1.12145909612 0.785392720758 0.569658595912 -0.852973086187
18.7374749498998 1.19236825048 0.624920802314 0.489675809147 -0.738924182484
18.837675350701403 1.24578479107 0.437269656852 0.422402893 -0.600196647814
18.937875751503007 1.27931113895 0.229096162654 0.370023708704 -0.442695983567
19.03807615230461 1.2912587139 0.00785048307371 0.334092757731 -0.27303881303
19.138276553106213 1.28071342771 -0.218508426507 0.315476453333 -0.0982982275423
19.238476953907817 1.24757153468 -0.441816653441 0.314320926388 0.0742681891135
19.338677354709418 1.19254455401 -0.654017007791 0.330047516478 0.237497363361
19.438877755511022 1.11713313123 -0.847466747927 0.361376067529 0.384596195415
19.539078156312627 1.02357066602 -1.0152292882 0.406375287246 0.509402681341
19.639278557114228 0.914738997075 -1.15133913797 0.462538119377 0.606623066681
19.739478957915832 0.79405941827 -1.2510292987 0.526879197036 0.672035384576
19.839679358717436 0.665362989038 -1.31091316344 0.596050828574 0.702652254428
19.939879759519037 0.532745382927 -1.32911337952 0.666472820498 0.69683619002
20.04008016032064 0.400411540662 -1.30533294881 0.734471421784 0.654363185605
20.140280561122246 0.272516288048 -1.24086583468 0.796421873458 0.576432134676
20.240480961923847 0.153006927718 -1.13854668629 0.848889182842 0.465619732796
20.34068136272545 0.0454738531374 -1.00264155827 0.888761706557 0.325782546582
20.440881763527056 -0.0469850713173 -0.83868386765 0.913372399177 0.161910047292
20.541082164328657 -0.121881228562 -0.653261846816 0.920603129038 -0.0200657861127
20.64128256513026 -0.177428583288 -0.453765601856 0.908968048049 -0.21349703259
20.741482965931862 -0.212610036929 -0.248103484162 0.877672795913 -0.411273869985
20.841683366733466 -0.227214230587 -0.0443988112714 0.826647235565 -0.606096208747
20.94188376753507 -0.221841538319 0.14932182126 0.756550594039 -0.790752851469
21.04208416833667 -0.197878858512 0.325436397819 0.668748657967 -0.95839721827
21.142284569138276 -0.157444256743 0.477019790906 0.565263967409 -1.10280914324
21.24248496993988 -0.103303553244 0.598109320788 0.448700882836 -1.21863271363
21.34268537074148 -0.0387620825051 0.683933433541 0.322148415888 -1.30158107771
21.442885771543086 0.0324642282888 0.731094726611 0.189064537661 -1.34860036719
21.54308617234469 0.1063935515 0.737700267906 0.0531463622322 -1.35798641726
21.64328657314629 0.178933045416 0.703434268076 -0.081808800424 -1.32944986048
21.743486973947896 0.246038013324 0.629570294955 -0.212046219128 -1.26412707701
21.8436873747495 0.303869217224 0.518922559277 -0.333994864711 -1.16453657967
21.9438877755511 0.348942329714 0.375738154279 -0.444401493656 -1.0344825196
22.044088176352705 0.378263781441 0.205534389192 -0.540452549297 -0.878909019791
22.14428857715431 0.389447845179 0.0148873885462 -0.61987926036 -0.703710863302
22.24448897795591 0.380810406802 -0.188819927292 -0.681041862179 -0.51550780346
22.344689378757515 0.351435807714 -0.397680639251 -0.72298970256 -0.321391308491
22.44488977955912 0.301214331662 -0.603566995089 -0.745495058414 -0.128653061941
22.54509018036072 0.230848727834 -0.798441907688 -0.749059222677 0.0554940033936
22.645290581162325 0.141829612426 -0.974667072521 -0.734890719724 0.224191648705
22.74549098196393 0.0363806621603 -1.12529585219 -0.704856466823 0.371198636182
22.84569138276553 -0.0826243055368 -1.24433971743 -0.661407756946 0.491129360878
22.945891783567134 -0.211769192929 -1.32699802759 -0.607483903642 0.579659658185
23.04609218436874 -0.34722427641 -1.36984233874 -0.54639726066 0.633691896126
23.14629258517034 -0.484890816823 -1.37094827815 -0.481703948384 0.651473118514
23.246492985971944 -0.620555941812 -1.32996971742 -0.41706537641 0.632661521928
23.34669338677355 -0.750052005124 -1.24815263483 -0.356105751267 0.578338929614
23.44689378757515 -0.869414255531 -1.12828799304 -0.302271091571 0.490968658703
23.547094188376754 -0.975030807091 -0.974605497034 -0.258695130552 0.374300450774
23.647294589178358 -1.06377910926 -0.792612337491 -0.228077300672 0.233226141528
23.74749498997996 -1.13314392797 -0.588882844586 -0.212577267428 0.0735913753442
23.847695390781563 -1.18131185533 -0.370807537849 -0.213730473607 -0.0980290368327
23.947895791583168 -1.20723926808 -0.146310703625 -0.232387451561 -0.274583939244
24.04809619238477 -1.21069064542 0.0764519347307 -0.268679669717 -0.448816476549
24.148296593186373 -1.192246304 0.289405155627 -0.322012756732 -0.613543340743
24.248496993987978 -1.15327875459 0.48486246069 -0.391087815392 -0.761930686544
24.34869739478958 -1.09589886553 0.65581961548 -0.473949764613 -0.887756897848
24.448897795591183 -1.0228739174 0.796221884391 -0.568060842899 -0.985651795447
24.549098196392787 -0.937520394229 0.901195435356 -0.670396724978 -1.05130375726
24.649298597194388 -0.843575963301 0.967232895223 -0.777561264703 -1.08162577934
24.749498997995993 -0.745055539154 0.99232614174 -0.885915480108 -1.07487428649
24.849699398797597 -0.646096808476 0.976042560528 -0.991715965723 -1.03071731518
24.949899799599198 -0.550800876578 0.919540679629 -1.09125766298 -0.950248408775
25.050100200400802 -0.46307471163 0.825525126756 -1.1810150101 -0.835946176265
25.150300601202403 -0.386480919867 0.698141688063 -1.25777651657 -0.691580211936
25.250501002004007 -0.324100947294 0.542817254027 -1.31876730363 -0.522067661714
25.350701402805612 -0.278416897435 0.3660513928 -1.36175496353 -0.333286472186
25.450901803607213 -0.251216090933 0.175165845302 -1.38513504302 -0.131850958917
25.551102204408817 -0.243522692189 -0.021976333449 -1.3879922778 0.0751398066604
25.65130260521042 -0.255558397158 -0.217273442602 -1.37013579231 0.280373140472
25.751503006012022 -0.28673416086 -0.402696406889 -1.33210649308 0.476601592796
25.851703406813627 -0.335673002927 -0.570597169694 -1.27515662133 0.656919217392
25.95190380761523 -0.400263015665 -0.714002935595 -1.20120224892 0.815025168504
26.052104208416832 -0.477738836076 -0.826883906547 -1.11275027452 0.94546356117
26.152304609218437 -0.564787941902 -0.904385628466 -1.01280317958 1.04383163984
26.25250501002004 -0.657678376586 -0.943015581037 -0.904744584573 1.1069469715
26.352705410821642 -0.752402260259 -0.940778150916 -0.792210658516 1.13296841576
26.452905811623246 -0.844830239542 -0.897252034221 -0.67895172274 1.12146553988
26.55310621242485 -0.930870584497 -0.813607285188 -0.56868968298 1.0734339864
26.65330661322645 -1.00662695845 -0.692561452221 -0.464976639881 0.991256292633
26.753507014028056 -1.06854879339 -0.538276412884 -0.371060111277 0.878609605217
26.85370741482966 -1.11356850662 -0.356199862056 -0.289760028293 0.740323830166
26.95390781563126 -1.13922030076 -0.152857551183 -0.223362213828 0.582195679059
27.054108216432866 -1.14373601675 0.0643957952996 -0.173532400663 0.410765708713
27.15430861723447 -1.12611435985 0.28765738511 -0.141254084576 0.233066862388
27.25450901803607 -1.08616080778 0.508778231209 -0.126792622704 0.056354231592
27.354709418837675 -1.0244967133 0.719674478489 -0.129686909367 -0.112173650844
27.45490981963928 -0.94253723184 0.912636327927 -0.148768960678 -0.265651369605
27.55511022044088 -0.842438912373 1.08062262631 -0.182210657577 -0.397810353032
27.655310621242485 -0.727018987986 1.21752980966 -0.227595824086 -0.503219637154
27.75551102204409 -0.599649310718 1.31842536105 -0.28201500434 -0.57749485677
27.85571142284569 -0.464129322229 1.37973556562 -0.342179006251 -0.617466314564
27.955911823647295 -0.324542525744 1.39938228972 -0.404547213419 -0.621301406228
28.0561122244489 -0.185102167148 1.37686190719 -0.465465554466 -0.588575243701
28.1563126252505 -0.0499920246628 1.31326425634 -0.52130884736 -0.520287581219
28.256513026052104 0.0767916404941 1.21123026468 -0.568622099358 -0.418824823939
28.35671342685371 0.191590898058 1.07485055378 -0.604255323492 -0.287869189764
28.45691382765531 0.291223987598 0.909508314014 -0.625486732264 -0.132257970465
28.557114228456914 0.37310488218 0.721672943668 -0.630129562843 0.0422012921803
28.65731462925852 0.435339995859 0.518651906772 -0.616618432049 0.228953040004
28.75751503006012 0.476798355765 0.308310661779 -0.584071926926 0.420944519285
28.857715430861724 0.497152540912 0.0987712406387 -0.532329015457 0.610895715053
28.95791583166333 0.496888831847 -0.101898955936 -0.461957884656 0.791578041873
29.05811623246493 0.477286206933 -0.285996089549 -0.374236880371 0.956090993842
29.158316633266534 0.440364906001 -0.446475537619 -0.271108194633 1.09812690002
29.258517034068138 0.388806629223 -0.577220972179 -0.155106152851 1.21221187795
29.35871743486974 0.325849496217 -0.673278843036 -0.0292628996144 1.29391580268
29.458917835671343 0.255161576842 -0.731048034719 0.103005103295 1.34002213004
29.559118236472944 0.180698039949 -0.748417676447 0.238025247354 1.34865128723
29.65931863727455 0.106547280612 -0.724847815065 0.372006815513 1.3193328936
29.759519038076153 0.036771988044 -0.66138977375 0.501183548665 1.25302396655
29.859719438877754 -0.0247487643585 -0.560645607795 0.621955294097 1.15207258543
29.95991983967936 -0.0744703898583 -0.426668096339 0.731023347353 1.02012830197
30.060120240480963 -0.109320802683 -0.264805332942 0.825514277681 0.862002935577
30.160320641282564 -0.126820291222 -0.081495258781 0.903087504381 0.683486538816
30.260521042084168 -0.125178707535 0.115981225535 0.962022555831 0.49112626645
30.360721442885772 -0.103366110825 0.319779733783 1.00128255207 0.291976060464
30.460921843687373 -0.0611542682444 0.521793349372 1.02055158534 0.0933270947224
30.561122244488978 0.000872527150855 0.713963644161 1.0202446189 -0.0975707961699
30.661322645290582 0.0813379109984 0.888589945237 1.00148937574 -0.273786123038
30.761523046092183 0.178124264285 1.03862494217 0.966081032016 -0.428970520296
30.861723446893787 0.288451991189 1.15794529627 0.916411417124 -0.55760114261
30.96192384769539 0.408984218648 1.24158686373 0.855375441772 -0.655191377517
31.062124248496993 0.535952909868 1.28593557256 0.786258342611 -0.718461850355
31.162324649298597 0.665301523329 1.28886660151 0.712608102678 -0.745465137897
31.2625250501002 0.792838985166 1.24982672055 0.638097732599 -0.735659587373
31.362725450901802 0.914398692414 1.16985615017 0.566383038109 -0.689928978825
31.462925851703407 1.02599673584 1.05154963817 0.500961077474 -0.61054776058
31.56312625250501 1.12398319531 0.898957924369 0.445034813138 -0.501092906057
31.663326653306612 1.20518075497 0.717433530859 0.401389108754 -0.36630591751
31.763527054108216 1.26700531983 0.513426706695 0.372282833897 -0.211910196392
31.86372745490982 1.3075640018 0.294239242156 0.359361224148 -0.0443906887828
31.96392785571142 1.32572670596 0.0677457178331 0.36359187144 0.129255628738
32.06412825651302 1.32116845386 -0.157906547199 0.385226908581 0.301788336101
32.16432865731463 1.29438134065 -0.374609517507 0.42379237572 0.466002874298
32.26452905811623 1.24665515501 -0.574602030159 0.478105637634 0.615005879434
32.364729458917836 1.1800272776 -0.750769428543 0.546320301864 0.742483390356
32.46492985971944 1.09720433345 -0.896911904118 0.625996418359 0.842941036257
32.565130260521045 1.00145810566 -1.00798189484 0.714193717781 0.911916512794
32.66533066132264 0.8965003832 -1.08027698444 0.807583702763 0.946152210259
32.765531062124246 0.786340371874 -1.11158017892 0.902577342279 0.943720718663
32.86573146292585 0.675131242326 -1.10124364813 0.995462482722 0.904099706953
32.965931863727455 0.567011188882 -1.05021266835 1.08254616348 0.828193253451
33.06613226452906 0.465945174484 -0.960988506284 1.16029630713 0.718298499959
33.166332665330664 0.375573320261 -0.837531669868 1.22547744856 0.578018906053
33.26653306613226 0.299072011337 -0.685108245537 1.27527506589 0.412126539186
33.366733466933866 0.239032898028 -0.510087609286 1.30740387602 0.226380821975
33.46693386773547 0.197364123314 -0.319698186428 1.32019621621 0.0273097140755
33.567134268537075 0.175217985663 -0.121749164852 1.31266674267 -0.178039592531
33.66733466933868 0.172947752482 0.0756695269679 1.284551015 -0.382369440146
33.76753507014028 0.190094936472 0.264498231524 1.23631679154 -0.578410311157
33.86773547094188 0.225407947052 0.437017078179 1.16914721883 -0.759198092537
33.967935871743485 0.276891151892 0.586142609701 1.08489677975 -0.918339796033
34.06813627254509 0.341882507294 0.705699930346 0.986021649028 -1.05025735604
34.168336673346694 0.417156865062 0.790660212309 0.875487046785 -1.15040040409
34.2685370741483 0.499050900268 0.837334110081 0.75665522174 -1.21541955702
34.3687374749499 0.583604882757 0.84351385104 0.633158342461 -1.24329374289
34.4689378757515 0.666715895393 0.80855857795 0.508761129712 -1.23340670708
34.569138276553105 0.744296621981 0.733419688344 0.387218493062 -1.18656978362
34.66933867735471 0.812433611109 0.620605127036 0.272133628907 -1.10498999686
34.76953907815631 0.867538976001 0.474084018311 0.166821988861 -0.992184735109
34.86973947895792 0.90648958857 0.299135345305 0.0741864396616 -0.85284631594
34.96993987975952 0.926748722956 0.102146360376 -0.00339186762679 -0.692661532904
35.07014028056112 0.926465142935 -0.109631494853 -0.0641424362676 -0.518093149073
35.170340681362724 0.90454600852 -0.328359600625 -0.106970924158 -0.3361318974
35.27054108216433 0.860700899471 -0.545912042523 -0.131498785551 -0.154027995231
35.37074148296593 0.795455059764 -0.754186296518 -0.13807535597 0.0209870179816
35.47094188376754 0.710131456767 -0.945413151919 -0.127762016116 0.181977764824
35.57114228456914 0.606802347886 -1.11245386765 -0.102289054666 0.322571086157
35.67134268537074 0.488212183099 -1.24907323099 -0.0639868668602 0.437200522925
35.77154308617234 0.357674786523 -1.35017808671 -0.0156941239311 0.521319881989
35.87174348697395 0.21894875501 -1.41201215471 0.0393535606725 0.571577663681
35.97194388777555 0.0760958762698 -1.43229963311 0.097650168196 0.585945632454
36.07214428857716 -0.0666720855979 -1.41033222968 0.155556226165 0.563796733428
36.17234468937876 -0.205152312776 -1.34699614156 0.209440869944 0.505929238504
36.27254509018036 -0.335309499182 -1.244738028 0.255823583285 0.414536266724
36.37274549098196 -0.453427948907 -1.10747130626 0.291510147144 0.29312186994
36.47294589178357 -0.556251645977 -0.940426186516 0.313717816855 0.146366742677
36.57314629258517 -0.641106395108 -0.749949421418 0.320184444567 -0.0200510927536
36.673346693386776 -0.70599992106 -0.543261281972 0.309257864802 -0.199673899393
36.77354709418837 -0.749695696359 -0.328179359224 0.279961755565 -0.385511540824
36.87374749498998 -0.771758040407 -0.112819123137 0.232035775248 -0.57030960514
36.97394789579158 -0.772566435519 0.0947166155556 0.165948136137 -0.74682746137
37.07414829659319 -0.753298646342 0.286647785136 0.0828802446211 -0.908115900843
37.17434869739479 -0.715883320872 0.45581469582 -0.0153159840927 -1.04778363697
37.274549098196395 -0.662923870878 0.595951858399 -0.126186526388 -1.16024246638
37.37474949899799 -0.597596541885 0.701927615577 -0.246766759364 -1.24092181146
37.4749498997996 -0.523526594324 0.769940273529 -0.37369256649 -1.2864443055
37.5751503006012 -0.444647294277 0.797663169867 -0.503326832011 -1.29475564692
37.675350701402806 -0.365047188732 0.784332948255 -0.631896420982 -1.26520359215
37.77555110220441 -0.288811607275 0.730779831991 -0.755634323838 -1.19856500565
37.875751503006015 -0.219863815059 0.63939228421 -0.870922106653 -1.09701415026
37.97595190380761 -0.161813362925 0.514027218956 -0.974425910461 -0.964042215899
38.07615230460922 -0.11781570106 0.359860882239 -1.06322235709 -0.804323715541
38.17635270541082 -0.0904496935487 0.183190073586 -1.13490841785 -0.623538408459
38.276553106212425 -0.0816170338842 -0.008810075731 -1.18769166272 -0.428154317464
38.37675350701403 -0.0924678643 -0.20836149649 -1.22045703654 -0.225181037946
38.476953907815634 -0.123355152459 -0.407381945404 -1.23280787531 -0.0219021163081
38.57715430861723 -0.173819725255 -0.597795481395 -1.22507946095 0.174403062767
38.677354709418836 -0.242606508486 -0.771842348822 -1.19832462301 0.356736860822
38.77755511022044 -0.327711251024 -0.922377365757 -1.15427203289 0.51865067925
38.877755511022045 -0.426456139162 -1.0431443805 -1.09525861808 0.654490824975
38.97795591182365 -0.535591236757 -1.1290168361 -1.02413884022 0.759614028798
39.078156312625254 -0.651417927246 -1.17619505121 -0.944174261047 0.830564206176
39.17835671342685 -0.769929727115 -1.18235281519 -0.858907542504 0.865203831825
39.278557114228455 -0.886964894857 -1.14672737228 -0.772025873873 0.862794622031
39.37875751503006 -0.998365105701 -1.07014966657 -0.687218956766 0.824024723277
39.478957915831664 -1.10013409481 -0.95501348204 -0.608037007765 0.750981183871
39.57915831663327 -1.18859021823 -0.805184841213 -0.53775419691 0.647068929466
39.67935871743487 -1.26050704631 -0.625854926425 -0.479242792034 0.516879165153
39.77955911823647 -1.31323668411 -0.42334222856 -0.434862759963 0.36601231243
39.879759519038075 -1.34481081514 -0.204851827656 -0.406371304962 0.200862559114
39.97995991983968 -1.35401620043 0.0217997850138 -0.394855271071 0.0283715526443
40.08016032064128 -1.34044105638 0.248482896635 -0.400689610873 -0.144238513142
40.18036072144289 -1.30449094719 0.46706495962 -0.423523142314 -0.309742733577
40.28056112224449 -1.24737347528 0.669721026296 -0.462292235443 -0.461191371969
40.38076152304609 -1.17105234906 0.849232381853 -0.515261910077 -0.592177170726
40.480961923847694 -1.0781726281 0.999261942563 -0.58009273278 -0.697081856972
40.5811623246493 -0.971959844261 1.11459631546 -0.653931096544 -0.771292795096
40.6813627254509 -0.856097143395 1.19134402033 -0.733519171972 -0.811380384699
40.78156312625251 -0.734584987153 1.22708362747 -0.815320464994 -0.815230610396
40.88176352705411 -0.611588770712 1.22095552617 -0.895656185225 -0.78212711566
40.98196392785571 -0.491280149916 1.17369394151 -0.970847237172 -0.712779771869
41.08216432865731 -0.377678300636 1.08759811975 -1.03735626209 -0.609298776048
41.18236472945892 -0.274497090993 0.96644285069 -1.09192437514 -0.47511442816
41.28256513026052 -0.185004102672 0.815333370402 -1.13169728226 -0.314847104384
41.38276553106213 -0.111896698235 0.640508655367 -1.15433612332 -0.134131018477
41.482965931863724 -0.057200160069 0.449101888503 -1.15810854143 0.0606003659808
41.58316633266533 -0.0221915326957 0.248866185469 -1.14195672653 0.262360029213
41.68336673346693 -0.00735231480719 0.047876983939 -1.10553961602 0.463873983743
41.78356713426854 -0.0123516075418 -0.14577809927 -1.04924781427 0.657859082005
41.88376753507014 -0.0360605205403 -0.324309730207 -0.974190513332 0.837301106432
41.983967935871746 -0.0765971732344 -0.480525912806 -0.882155008797 0.995722641351
42.08416833667334 -0.131400623957 -0.608108132461 -0.775540303975 1.12743042453
42.18436873747495 -0.197330881117 -0.701853964722 -0.657267351318 1.22773266516
42.28456913827655 -0.27079111715 -0.757876956947 -0.530669405169 1.29311809679
42.38476953907816 -0.347867466696 -0.773756064995 -0.3993666221 1.32138985374
42.48496993987976 -0.424481045121 -0.748628882155 -0.267129712472 1.31174901058
42.585170340681366 -0.496546290068 -0.683225144747 -0.137737924574 1.26482463629
42.68537074148296 -0.560129571293 -0.5798392614 -0.0148367836637 1.18264924101
42.78557114228457 -0.611602336257 -0.442242731373 0.0981992803019 1.06858039035
42.88577154308617 -0.64778194795 -0.275540168905 0.19839328751 0.927171815395
42.985971943887776 -0.66605615483 -0.085974056593 0.283277409585 0.763998606193
43.08617234468938 -0.664485399492 0.119314075052 0.350984828948 0.585443381041
43.186372745490985 -0.641879459458 0.332556947948 0.400318615708 0.398451575117
43.28657314629258 -0.597845405491 0.545658857111 0.4307949221 0.210265214669
43.38677354709419 -0.53280503677 0.750505602972 0.442658845717 0.0281453930109
43.48697394789579 -0.447981124597 0.939275175701 0.436872362596 -0.140905931652
43.587174348697395 -0.345353000261 1.10473725283 0.415074809306 -0.290414125702
43.687374749499 -0.227583106792 1.24053038599 0.379517364026 -0.414680095384
43.787575150300604 -0.0979174729843 1.34140527227 0.332974175255 -0.50899813636
43.8877755511022 0.0399362069707 1.40342614389 0.278633436095 -0.569836283742
43.987975951903806 0.181948220599 1.42412164828 0.219972583372 -0.594971436596
44.08817635270541 0.323918795895 1.40257970429 0.160622470248 -0.583574318889
44.188376753507015 0.461636607818 1.33948257948 0.10422567332 -0.536240914219
44.28857715430862 0.591037746268 1.23708106177 0.0542943838532 -0.454969365497
44.388777555110224 0.708359069059 1.09910859461 0.0140733240608 -0.34308311766
44.48897795591182 0.810280080616 0.93063861198 -0.0135870651523 -0.205103201495
44.589178356713425 0.894047880901 0.737890628428 -0.0263422801693 -0.046574633083
44.68937875751503 0.957580418396 0.527992460745 -0.0224459867615 0.126146465639
44.789579158316634 0.999544097072 0.308707720209 -0.000819291565674 0.30613684156
44.88977955911824 1.0194027716 0.0881389706451 0.0389056024267 0.486171871643
44.98997995991984 1.01743624753 -0.125582035691 0.0963690423911 0.65900289166
45.09018036072144 0.994727592709 -0.324605214307 0.170495494963 0.81763549887
45.190380761523045 0.953119741338 -0.501662184927 0.259532606928 0.955598161979
45.29058116232465 0.895143087235 -0.650343912723 0.361116237582 1.0671907729
45.390781563126254 0.823916726313 -0.765345716374 0.472359080487 1.14770397251
45.49098196392786 0.743027314059 -0.842669437594 0.589959322923 1.19360011199
45.591182364729455 0.656390106065 -0.879775835754 0.710325252147 1.20264963828
45.69138276553106 0.5680974367 -0.875681055908 0.829711102286 1.17401739532
45.791583166332664 0.482260484186 -0.83099358843 0.944358904554 1.10829563364
45.89178356713427 0.402850424317 -0.747890086778 1.05064087606 1.00748226583
45.99198396793587 0.333545050795 -0.63003102829 1.14519690422 0.874905249924
46.09218436873748 0.277586706608 -0.482419665569 1.225061893 0.71509618818
46.192384769539075 0.237656967337 -0.311209447 1.28777809846 0.533617778645
46.29258517034068 0.215772933625 -0.123467399183 1.33148810387 0.336851829384
46.392785571142284 0.213209029974 0.0730975236205 1.35500494439 0.131755899428
46.49298597194389 0.230447383976 0.270430669221 1.35785662821 -0.0744020721973
46.59318637274549 0.267158612312 0.460441194172 1.34030341875 -0.274321028217
46.6933867735471 0.322213828582 0.635312960818 1.30332714764 -0.460945301256
46.793587174348694 0.393727336529 0.787804919925 1.24859303892 -0.627733707682
46.8937875751503 0.47912844499 0.911529487607 1.17838544455 -0.768908936709
46.9939879759519 0.575259619829 1.00119819607 1.09551998475 -0.879677634595
47.09418837675351 0.678497137484 1.05282537083 1.00323552769 -0.956412902923
47.19438877755511 0.784889850636 1.06388176964 0.90506993915 -0.996791988836
47.294589178356716 0.890310476946 1.03339252464 0.804724607051 -0.99988410013
47.394789579158314 0.99061377286 0.961975516632 0.705922789489 -0.966184878297
47.49498997995992 1.08179553009 0.851818763176 0.61226721516 -0.89759625941
47.59519038076152 1.16014623351 0.706597636295 0.527102453424 -0.797352453078
47.69539078156313 1.22239354351 0.531335138461 0.45338728095 -0.669894930495
47.79559118236473 1.26582815494 0.332210525763 0.393581923545 -0.520701157511
47.895791583166336 1.28840818056 0.116323649619 0.34955451817 -0.35607367339
47.99599198396793 1.28883806763 -0.108575959384 0.322510369396 -0.182897595522
48.09619238476954 1.26661903957 -0.334384917057 0.312946694255 -0.00837581673347
48.19639278557114 1.22206912094 -0.552955442836 0.320634594331 0.160248006014
48.296593186372746 1.15631195878 -0.756406359417 0.344628959975 0.315967846026
48.39679358717435 1.07123490063 -0.937424129013 0.383305894772 0.452284781373
48.496993987975955 0.969417899276 -1.0895420201 0.434426254347 0.563456887957
48.59719438877755 0.854036007855 -1.20738686726 0.495222825091 0.64472011531
48.69739478957916 0.728739103113 -1.2868841217 0.562507885493 0.692471815162
48.79759519038076 0.597513564922 -1.32541298832 0.632796916356 0.704409576258
48.897795591182366 0.464531151695 -1.32190600951 0.702443768247 0.67962031541
48.99799599198397 0.333990831925 -1.2768891656 0.767782128302 0.61861610543
49.098196392785574 0.209959653246 -1.19246101161 0.825267840942 0.523315414579
49.19839679358717 0.0962187354891 -1.07221157017 0.871616632512 0.396970402333
49.298597194388776 -0.00387969511535 -0.921084161887 0.903931941512 0.244043120322
49.39879759519038 -0.0875388020397 -0.745185439083 0.919817993625 0.0700353341264
49.498997995991985 -0.152622290168 -0.551550886363 0.917473756721 -0.11872152966
49.59919839679359 -0.197734209535 -0.347874800208 0.895764191104 -0.31530824073
49.699398797595194 -0.222270337358 -0.142215042739 0.854266042947 -0.512482207511
49.79959919839679 -0.226439190834 0.0573160436416 0.793286437338 -0.702954308103
49.899799599198396 -0.211251866853 0.242862920038 0.713853551536 -0.879667685584
50.0 -0.178481059101 0.407127939484 0.617679682731 -1.03606740919
