0.0 -0.5 0.5 3.001 5.9
0.2002002002002002 -0.150058604541 3.11358195585 3.93604181834 3.31800917211
0.4004004004004004 0.746614694324 5.72226697411 4.32606889348 0.686559474429
0.6006006006006006 2.05795795248 7.11522777744 4.28213905661 -0.924399796335
0.8008008008008008 3.47602130974 6.71079809349 4.02570172957 -1.50092890535
1.001001001001001 4.58971289962 4.00233749806 3.72403139926 -1.42482733703
1.2012012012012012 4.94122996985 -0.677677584369 3.48366235762 -0.931556222743
1.4014014014014013 4.33781448373 -5.0825904236 3.3526918338 -0.413513663391
1.6016016016016017 3.05636335827 -7.32534204344 3.29308018529 -0.259173709451
1.8018018018018018 1.53771788759 -7.58614514764 3.21391199329 -0.633782146417
2.002002002002002 0.10235453145 -6.57662988632 2.99032885254 -1.7388882092
2.2022022022022023 -1.03374290244 -4.65062267581 2.46449654613 -3.61564137163
2.4024024024024024 -1.73443017065 -2.35845789675 1.52859484201 -5.69202352408
2.6026026026026026 -2.00853626298 -0.502910030088 0.227379649811 -7.16423695803
2.8028028028028027 -1.9897764804 0.560237124219 -1.28260132602 -7.79211560662
3.003003003003003 -1.83242241274 0.8926789382 -2.84766500345 -7.73572146677
3.2032032032032034 -1.68730730875 0.391191374753 -4.3297734443 -6.91432227781
3.4034034034034035 -1.75158199838 -1.22239100073 -5.54203899422 -5.00338031718
3.6036036036036037 -2.22753119362 -3.55173730969 -6.27541920778 -2.26658719628
3.803803803803804 -3.12397544791 -5.14248288424 -6.47060707129 0.174457551969
4.004004004004004 -4.14442590094 -4.64213335963 -6.27514667451 1.61042988046
4.2042042042042045 -4.82326457801 -1.80433218768 -5.87859295572 2.25833601466
4.404404404404405 -4.78935317166 2.15959252913 -5.39463243189 2.54633520652
4.604604604604605 -4.02041125529 5.24136182693 -4.86131621943 2.79724320348
4.804804804804805 -2.81744583036 6.47639937014 -4.26176893596 3.23703284887
5.005005005005005 -1.52344804419 6.27690383424 -3.54463173135 3.98000797137
5.205205205205205 -0.349967596575 5.38194237795 -2.65021036756 4.98558353519
5.405405405405405 0.620440621086 4.31340411844 -1.54498434949 6.04059149263
5.605605605605605 1.3844317673 3.34743963888 -0.245927738536 6.88480302563
5.8058058058058055 1.97286075372 2.55907453355 1.18751372186 7.37125610437
6.006006006006006 2.41886354143 1.91897362829 2.67984057444 7.47253610369
6.206206206206206 2.75184846597 1.44333818462 4.15192612809 7.15615245533
6.406406406406407 3.01736815272 1.27740208999 5.50833669506 6.28593883538
6.606606606606607 3.29426539092 1.56236024585 6.62061029477 4.70274455388
6.806806806806807 3.65955729228 2.0762376164 7.34992923366 2.51540659601
7.007007007007007 4.09337495496 2.11016416693 7.62077728262 0.222423537446
7.207207207207207 4.43017839392 1.06214975844 7.46533973464 -1.69121588199
7.407407407407407 4.45862128807 -0.859889172998 6.9764376595 -3.12143728977
7.607607607607608 4.08648381452 -2.77976273416 6.23805163095 -4.21316475466
7.807807807807808 3.39582373961 -3.97202088181 5.30209886954 -5.11237234545
8.008008008008009 2.5513029627 -4.35124864425 4.20016622974 -5.87238697938
8.208208208208209 1.68550784455 -4.2516582811 2.96151791746 -6.47115743434
8.408408408408409 0.856589941715 -4.0317016107 1.62265735797 -6.86778850179
8.608608608608609 0.0649121935895 -3.90136525031 0.226639826626 -7.0404613192
8.80880880880881 -0.716235770805 -3.92825833485 -1.18110135331 -6.98472430863
9.00900900900901 -1.5159993718 -4.07177544656 -2.55475307903 -6.69999088206
9.20920920920921 -2.34419238394 -4.17467901645 -3.84886365458 -6.19238464659
9.40940940940941 -3.16557182537 -3.94608755224 -5.02078125627 -5.48404220232
9.60960960960961 -3.87964231308 -3.05823275444 -6.03282793907 -4.59653951196
9.80980980980981 -4.34056107279 -1.44899795144 -6.84777558154 -3.50438493124
10.01001001001001 -4.44344036221 0.392641796742 -7.4155268988 -2.10429519719
10.21021021021021 -4.22232809154 1.66551672294 -7.66112150572 -0.272068031767
10.41041041041041 -3.84276904505 1.97580402722 -7.49808467714 1.94217072882
10.61061061061061 -3.47183311088 1.68763820133 -6.88342956431 4.15261007425
10.81081081081081 -3.16264964138 1.45060356393 -5.86902678475 5.87114247768
11.01101101101101 -2.86605519331 1.57336307921 -4.5788538319 6.90792060034
11.21121121121121 -2.5134083821 1.98336349178 -3.14141664619 7.37094231436
11.411411411411411 -2.06255298231 2.53825167774 -1.65567497235 7.40842031174
11.611611611611611 -1.48974192101 3.20624588357 -0.199457644207 7.07892306335
11.811811811811811 -0.768014964639 4.03343048779 1.15509758331 6.3979636936
12.012012012012011 0.135553474877 5.00872733027 2.3443354278 5.45274342864
12.212212212212211 1.23504635489 5.93916674574 3.334596798 4.45183042424
12.412412412412412 2.48170206571 6.38207994026 4.13879706103 3.62505136017
12.612612612612613 3.71150623991 5.6418401855 4.80488358587 3.07438204425
12.812812812812814 4.61974184105 3.12761996832 5.38425814998 2.73658809114
13.013013013013014 4.87500612597 -0.661429147103 5.90235039048 2.42142846161
13.213213213213214 4.3927027813 -3.89735202148 6.33588946309 1.83393413337
13.413413413413414 3.45881291135 -5.02453157115 6.59142744429 0.568105821266
13.613613613613614 2.53335155781 -3.91064009339 6.49537107857 -1.68631277235
13.813813813813814 1.96754866826 -1.69767476827 5.88064800743 -4.4441763663
14.014014014014014 1.82123769366 0.0686652477345 4.75968631448 -6.57655821255
14.214214214214214 1.91980193369 0.739916344188 3.32257530272 -7.61138505754
14.414414414414415 2.05890603694 0.528236131671 1.76648152661 -7.82375060578
14.614614614614615 2.08564470087 -0.378460694463 0.232316764244 -7.38770299156
14.814814814814815 1.85770829962 -2.02003183387 -1.13912180701 -6.17367194393
15.015015015015015 1.24050058612 -4.18503225956 -2.1922008652 -4.27362669696
15.215215215215215 0.193295096337 -6.18599657115 -2.84897646536 -2.35364472775
15.415415415415415 -1.18389741391 -7.41386159581 -3.1790913832 -1.07651201822
15.615615615615615 -2.70096799154 -7.51475715732 -3.32998232539 -0.538890621687
15.815815815815816 -4.07488020538 -5.8445160855 -3.43131828729 -0.551821849684
16.016016016016017 -4.88540123502 -1.91496868389 -3.57755661047 -0.956790326958
16.216216216216218 -4.7780235072 2.91677839481 -3.81977329165 -1.43676302688
16.416416416416418 -3.82577368826 6.20219863835 -4.12970689823 -1.58006145792
16.616616616616618 -2.45663485262 7.10335938213 -4.41333740267 -1.129715957
16.816816816816818 -1.1124558839 6.03774870917 -4.51721252121 0.288317672119
17.017017017017018 -0.134058912958 3.57562236479 -4.22134650659 2.80844051551
17.217217217217218 0.302131034608 0.864137693139 -3.37991391691 5.50928870823
17.41741741741742 0.278951283451 -0.889779235033 -2.08348743984 7.23649608504
17.61761761761762 0.021048818625 -1.53274868207 -0.556641997491 7.86637664423
17.81781781781782 -0.283098444586 -1.38213327393 1.01616633436 7.72663532605
18.01801801801802 -0.473209698023 -0.334927917695 2.47952928213 6.71329074305
18.21821821821822 -0.336923203875 1.88073430772 3.62425096179 4.53599947376
18.41841841841842 0.320271613762 4.66924246757 4.25304851122 1.75205706428
18.61861861861862 1.47977008297 6.69316794756 4.37217710222 -0.372856242416
18.81881881881882 2.89286345802 7.11868819514 4.18213191913 -1.35479421475
19.01901901901902 4.18997975128 5.44194480256 3.88292123537 -1.53170412041
19.21921921921922 4.91122391513 1.42851534915 3.60311273552 -1.1948586363
19.41941941941942 4.70313564361 -3.41984629087 3.41972037188 -0.639317231234
19.61961961961962 3.65489166236 -6.65873118931 3.33127572864 -0.309997633098
19.81981981981982 2.18955944747 -7.65839222299 3.26448298866 -0.445410766167
20.02002002002002 0.689292432859 -7.12985818713 3.11095392171 -1.21323927178
20.22022022022022 -0.596151778434 -5.56156950754 2.72400086061 -2.78358245109
20.42042042042042 -1.49299739995 -3.34418886061 1.96079984596 -4.86488343528
20.62062062062062 -1.94284240799 -1.23532354136 0.796669010834 -6.650555663
20.82082082082082 -2.03640929465 0.165777797726 -0.645852787981 -7.61812645691
21.02102102102102 -1.9271919446 0.807926894793 -2.20373271349 -7.83656523937
21.22122122122122 -1.76156543873 0.707508301797 -3.73959584053 -7.37933272389
21.42142142142142 -1.7116149859 -0.401985943447 -5.09418958709 -5.9629684889
21.62162162162162 -1.99386657705 -2.53654920051 -6.05342832099 -3.48157323573
21.82182182182182 -2.72595268511 -4.63095661426 -6.4722572218 -0.77134861584
22.02202202202202 -3.73836091674 -5.11290612067 -6.4200193174 1.11480600485
22.22222222222222 -4.61057218264 -3.20383250591 -6.09027215662 2.05329444164
22.42242242242242 -4.89746949713 0.506841120227 -5.63304605306 2.46037300986
22.62262262262262 -4.41294083898 4.14954849444 -5.11572140334 2.70580664226
22.822822822822822 -3.34957162345 6.15217989231 -4.54243942805 3.05565480686
23.023023023023022 -2.06462286356 6.4557338446 -3.87414318747 3.67238326693
23.223223223223222 -0.829883473784 5.77616122212 -3.05190123683 4.58407683401
23.423423423423422 0.225263750795 4.74458184732 -2.02863295026 5.64196822504
23.623623623623622 1.07169245729 3.73307061659 -0.800589619052 6.58642551769
23.823823823823822 1.73152220305 2.88889612772 0.587302547487 7.21744381815
24.024024024024023 2.23916097718 2.20532380506 2.06398142691 7.47120890976
24.224224224224223 2.62342429064 1.65925288597 3.55287683387 7.33388644845
24.424424424424423 2.91828010419 1.33827821927 4.96869394159 6.71654183793
24.624624624624623 3.18616206165 1.41423761321 6.19839605196 5.4468609806
24.824824824824823 3.51069464966 1.86276461676 7.10232974827 3.4837564372
25.025025025025027 3.9228738688 2.16440023553 7.56956917129 1.17363184191
25.225225225225227 4.31730729051 1.58818232417 7.58639094453 -0.936233686691
25.425425425425427 4.4869500506 -0.0323527658901 7.22724783197 -2.5711771645
25.625625625625627 4.27841059837 -2.03446079903 6.58424727767 -3.79854420395
25.825825825825827 3.70609889122 -3.55175696931 5.72266403816 -4.7779691668
26.026026026026027 2.91331806729 -4.23482323969 4.68140134297 -5.60053909574
26.226226226226228 2.05258981401 -4.29152445347 3.49037177913 -6.26941700887
26.426426426426428 1.21138487559 -4.09807517294 2.18391722759 -6.74707388323
26.626626626626628 0.409865292833 -3.92706382528 0.803578597369 -7.00468283947
26.826826826826828 -0.370826954352 -3.89939259626 -0.605511964909 -7.03397788339
27.027027027027028 -1.16152201602 -4.01918454028 -1.99753411985 -6.83411848833
27.227227227227228 -1.98327327189 -4.18167505177 -3.32676263746 -6.40805137418
27.42742742742743 -2.82293049463 -4.14592321064 -4.54939063745 -5.77381821727
27.62762762762763 -3.60673440224 -3.56519540829 -5.62674963713 -4.96111814052
27.82782782782783 -4.19767756479 -2.21114224664 -6.52422784084 -3.97194477956
28.02802802802803 -4.45590409894 -0.335598295021 -7.20067439517 -2.73366360351
28.22822822822823 -4.34859679968 1.29483429639 -7.59286073731 -1.1086799591
28.42842842842843 -4.00057782205 2.00766479463 -7.61381263193 0.966297525774
28.62862862862863 -3.60349090682 1.86224263678 -7.19120029868 3.25105847166
28.82882882882883 -3.26890614029 1.50103090798 -6.33247763154 5.2366361581
29.02902902902903 -2.98120473667 1.44056854161 -5.13915247099 6.5667428043
29.22922922922923 -2.66750356565 1.74176343838 -3.74662442289 7.25024329765
29.42942942942943 -2.27010355417 2.25144630248 -2.26826513189 7.44950129957
29.62962962962963 -1.75835934016 2.88038274221 -0.789302404694 7.2640670249
29.82982982982983 -1.10726241704 3.65244068423 0.61585783288 6.71368492424
30.03003003003003 -0.284216664501 4.59501052925 1.87724596362 5.84409176309
30.23023023023023 0.737119671931 5.59792177144 2.94545320657 4.82219902027
30.43043043043043 1.93943465035 6.32558947219 3.81453769927 3.89446374094
30.63063063063063 3.21190680338 6.17716762847 4.5227712478 3.22979057388
30.83083083083083 4.30446996867 4.42485187495 5.12560296498 2.82803295039
31.03103103103103 4.86682631001 0.981638166654 5.66333915886 2.5458713611
31.23123123123123 4.67600547834 -2.76232384566 6.13630320509 2.13062849585
31.43143143143143 3.87152945933 -4.89460472409 6.48391281871 1.22345539318
31.63163163163163 2.87784900845 -4.65278745251 6.56446678873 -0.594035935426
31.83183183183183 2.12536209719 -2.69508657655 6.1865035383 -3.26317034354
32.032032032032035 1.80928631627 -0.563328032405 5.26761511465 -5.79165047207
32.232232232232235 1.83211036124 0.598878368308 3.93874051261 -7.29315787848
32.432432432432435 1.98030238208 0.739334207925 2.41311851167 -7.81674067952
32.632632632632635 2.07945169384 0.137430818589 0.853186859821 -7.66160844946
32.832832832832835 1.98713054995 -1.18770937914 -0.607075347318 -6.79095162196
33.033033033033036 1.55625766445 -3.20588648133 -1.81082438158 -5.11654474781
33.233233233233236 0.691646402293 -5.39252311159 -2.63071970773 -3.08221520673
33.433433433433436 -0.563874416802 -7.01086911495 -3.07454205152 -1.47224090285
33.633633633633636 -2.0500357083 -7.64620323658 -3.2730996472 -0.636344758869
33.833833833833836 -3.52991352822 -6.83214120646 -3.37186558124 -0.439309660737
34.034034034034036 -4.63722798298 -3.83284263733 -3.48007716654 -0.707886124155
34.234234234234236 -4.94111332895 0.929561875242 -3.67253232996 -1.22347325528
34.434434434434436 -4.30601529758 5.11023845329 -3.95759957496 -1.56120985182
34.63463463463464 -3.05223842924 7.00913232863 -4.26486057983 -1.40890703236
34.83483483483484 -1.64502070631 6.7310115563 -4.4700883351 -0.47434654361
35.03503503503504 -0.468882661765 4.78696881941 -4.37679345759 1.59966970139
35.23523523523524 0.213855011606 2.0050254902 -3.77928611116 4.38848137916
35.43543543543544 0.370386266904 -0.261471765596 -2.65837959805 6.62727142659
35.63563563563564 0.189705805485 -1.35768798392 -1.20602535463 7.69863658305
35.83583583583584 -0.112787856239 -1.53945848496 0.365181259055 7.87705448066
36.03603603603604 -0.375645492608 -0.936258615956 1.89854937681 7.29490401217
36.23623623623624 -0.413813607713 0.760371885638 3.21329619872 5.63468878515
36.43643643643644 -0.00210696129802 3.44564923473 4.08459051495 2.97056279956
36.63663663663664 0.953976957745 5.95735957516 4.41061743608 0.417928011025
36.83683683683684 2.29268363088 7.14013843255 4.32701585985 -1.05512155807
37.03703703703704 3.68724267543 6.43284214365 4.05450423751 -1.53965624557
37.23723723723724 4.70854053074 3.36499563305 3.75095439156 -1.40966621656
37.43743743743744 4.91345034949 -1.43592381167 3.51550464278 -0.908947133615
37.63763763763764 4.1806960302 -5.56962221512 3.38404065728 -0.449178358101
37.83783783783784 2.83843322848 -7.46067581925 3.30921964493 -0.376758815012
38.03803803803804 1.31746912364 -7.49395680884 3.19710651355 -0.849797660827
38.23823823823824 -0.0839906056289 -6.33946830356 2.91867924616 -2.06920598232
38.43843843843844 -1.16387263313 -4.34398707598 2.31969164052 -3.99626140986
38.63863863863864 -1.80666533956 -2.10725864121 1.31397225503 -5.9879781864
38.83883883883884 -2.04296897572 -0.378737101024 -0.0315173476706 -7.31030012177
39.03903903903904 -2.0105656425 0.5789841025 -1.55813316643 -7.82000843257
39.23923923923924 -1.85798225461 0.82455733547 -3.11928844151 -7.66693723274
39.43943943943944 -1.73782885354 0.202489823397 -4.57502659244 -6.71087393804
39.63963963963964 -1.8530230327 -1.53067990968 -5.73096271515 -4.65214867949
39.83983983983984 -2.39043085036 -3.81764246681 -6.38864359798 -1.89163915876
40.04004004004004 -3.31589720873 -5.13416075212 -6.51951056872 0.429082780334
40.24024024024024 -4.29659641716 -4.25104011967 -6.28614107152 1.74445292852
40.44044044044044 -4.86594271492 -1.1427076 -5.86912715379 2.33954024626
40.64064064064064 -4.69959700291 2.75960780456 -5.36944174522 2.63008260866
40.84084084084084 -3.84053912156 5.52289197277 -4.81568734397 2.92273187323
41.04104104104104 -2.61310576849 6.45948525899 -4.18499634543 3.42410265034
41.24124124124124 -1.34064782704 6.1020823701 -3.42454601268 4.22147183617
41.44144144144144 -0.207638959048 5.16865982786 -2.47967465545 5.23838760739
41.64164164164164 0.722870079456 4.13691218525 -1.32773600983 6.24549045013
41.84184184184184 1.4580955144 3.23798904831 0.00422549460962 7.00585077211
42.04204204204204 2.03102073896 2.51099815201 1.45316566485 7.40649826196
42.24224224224224 2.47221292208 1.91715602201 2.94467827381 7.42963288395
42.44244244244244 2.8090921822 1.48476079188 4.39992237123 7.02801097663
42.64264264264264 3.0874918253 1.36326005158 5.72056176826 6.05444153504
42.84284284284284 3.38343629706 1.6544777645 6.7764428402 4.3772276927
43.04304304304304 3.75933960851 2.06908030132 7.43636804565 2.16213652974
43.24324324324324 4.17283268325 1.90619602846 7.6403190118 -0.0841870957121
43.44344344344344 4.45056581758 0.695555995893 7.42996831767 -1.9359017417
43.64364364364364 4.40274849498 -1.2231827135 6.8959975031 -3.33247224599
43.84384384384384 3.97189704528 -2.98709685815 6.11651513163 -4.41497489196
44.04404404404404 3.25835658859 -4.00045825715 5.14075234162 -5.30667088218
44.24424424424424 2.42006843957 -4.27619859365 4.00196800685 -6.04269807594
44.44444444444444 1.57234846008 -4.15778746901 2.733349606 -6.59737037656
44.64464464464464 0.759601359324 -3.96933047671 1.37472905095 -6.93781274343
44.84484484484484 -0.0244964114765 -3.88937482931 -0.0293360343835 -7.05061215954
45.04504504504504 -0.808504648657 -3.967954482 -1.43304827237 -6.9342686427
45.24524524524524 -1.62040255185 -4.14922013677 -2.79058524568 -6.59001657741
45.44544544544544 -2.46478997073 -4.24931481267 -4.05729018422 -6.03071198789
45.645645645645644 -3.29484077866 -3.94363300482 -5.19303315061 -5.28766758499
45.845845845845844 -3.99388657692 -2.90119295699 -6.16387136533 -4.38358626424
46.046046046046044 -4.40662427386 -1.13467755951 -6.93512343497 -3.27998466884
46.246246246246244 -4.4399586247 0.745549350087 -7.45568256649 -1.8532565757
46.446446446446444 -4.1579451906 1.89975702341 -7.64634614932 0.0282067824201
46.646646646646644 -3.74943986211 2.03322925624 -7.41855359909 2.28249427885
46.846846846846844 -3.37973058862 1.63501215451 -6.73658415218 4.47225247635
47.047047047047045 -3.08396925029 1.38126556918 -5.665742489 6.10864153622
47.247247247247245 -2.79892133885 1.53004952465 -4.33780593142 7.04894847051
47.447447447447445 -2.45179965088 1.97161399848 -2.88062274969 7.42976107435
47.647647647647645 -1.99973232758 2.56428697914 -1.39054153886 7.39276725675
47.847847847847845 -1.41648625027 3.28777058391 0.0545512474353 6.98173154089
48.048048048048045 -0.671671895482 4.18264374849 1.38104368909 6.21616375514
48.248248248248245 0.267263636077 5.20581176042 2.52729515321 5.21247414593
48.448448448448445 1.40589810002 6.11816907016 3.46802161365 4.20690703155
48.648648648648646 2.67753491807 6.43004134861 4.22690045109 3.42262166279
48.848848848848846 3.89187921283 5.41753979311 4.85821921518 2.92918481756
49.049049049049046 4.72203095008 2.58301410532 5.41326890875 2.63456579409
49.249249249249246 4.85193175194 -1.31283111731 5.91251459165 2.32798734497
49.449449449449446 4.25715684639 -4.32424227157 6.32408058159 1.69778811465
49.649649649649646 3.27429817691 -5.08420530568 6.54260633251 0.324434525165
49.849849849849846 2.36814409789 -3.68700785813 6.38507070038 -2.0468187306
50.050050050050054 1.85755217565 -1.40878057332 5.69642848661 -4.79360307467
50.250250250250254 1.76021532599 0.255174684509 4.51825781593 -6.78883875891
50.450450450450454 1.88407978838 0.812716821973 3.05276406581 -7.69063564914
50.650650650650654 2.0295355248 0.521458381909 1.49051810044 -7.80872161876
50.850850850850854 2.04621426971 -0.478355867269 -0.0303485943449 -7.26281478306
51.051051051051054 1.78627815042 -2.23991711513 -1.36245993465 -5.90394959378
51.251251251251254 1.11660086723 -4.47190396887 -2.35004856677 -3.90687746128
51.451451451451454 0.0150773749496 -6.42363690967 -2.93428873769 -2.01619547872
51.651651651651655 -1.39770355503 -7.52172568664 -3.20683568844 -0.842666807861
51.851851851851855 -2.91720860523 -7.41232718598 -3.32096448812 -0.401500960528
52.052052052052055 -4.23870331505 -5.40561934928 -3.40294434484 -0.49448652172
52.252252252252255 -4.92821029217 -1.18364653859 -3.54445423137 -0.960198230287
52.452452452452455 -4.67486108846 3.57325546108 -3.78857991454 -1.44124016583
52.652652652652655 -3.62419763907 6.51468673399 -4.09520132415 -1.53737568372
52.852852852852855 -2.22520807517 7.10669206911 -4.36270103644 -1.00296172233
53.053053053053056 -0.903118082995 5.82793778186 -4.42860569373 0.544659227203
53.253253253253256 0.0206285041748 3.2647208262 -4.07128429681 3.144852522
53.453453453453456 0.398402871422 0.615954554697 -3.16743950114 5.77243860643
53.653653653653656 0.339051454003 -1.00375249966 -1.83261208073 7.35836948531
53.853853853853856 0.0688441865127 -1.54954438077 -0.29234809138 7.88665600817
54.054054054054056 -0.230922304859 -1.31846961941 1.27638821713 7.6624589348
54.254254254254256 -0.39701566925 -0.15103756115 2.71509586762 6.52303754808
54.454454454454456 -0.211125975619 2.18024240968 3.80805480697 4.22068900313
54.65465465465466 0.506924830324 4.94860816087 4.37161333202 1.44365583958
54.85485485485486 1.7076785325 6.80880828623 4.44062383376 -0.557510203132
55.05505505505506 3.12006757856 6.97995458262 4.22548204854 -1.42978396883
55.25525525525526 4.35544034464 4.95310842824 3.91813600877 -1.54351189129
55.45545545545546 4.94809964407 0.678521310646 3.63958296838 -1.17846644585
55.65565565565566 4.59542342255 -4.04575699952 3.45707201066 -0.658128507156
55.85585585585586 3.45716366264 -6.92616837944 3.3574380669 -0.405455476936
56.05605605605606 1.96857838352 -7.6467300527 3.26301832079 -0.628671898673
56.25625625625626 0.488701582711 -6.95026725315 3.06218670467 -1.50514879721
56.45645645645646 -0.749395031839 -5.28097984403 2.60711675656 -3.15973763226
56.65665665665666 -1.58857146292 -3.07041478024 1.76953098138 -5.20813327507
56.85685685685686 -1.99366383819 -1.07184519656 0.549668816776 -6.85540433656
57.05705705705706 -2.06674097688 0.212863804975 -0.919577518191 -7.6875772936
57.25725725725726 -1.95668610733 0.772286580289 -2.48136301565 -7.80948971265
57.45745745745746 -1.80704926938 0.576786478952 -4.00150101901 -7.24192368965
57.65765765765766 -1.79585068158 -0.65827461648 -5.31381960062 -5.6757832422
57.85785785785786 -2.13638160187 -2.8330565637 -6.20431259929 -3.10489974081
58.05805805805806 -2.91353823284 -4.74566695659 -6.55221977673 -0.463157713593
58.25825825825826 -3.91509057413 -4.87395366574 -6.45161819392 1.29274417454
58.45845845845846 -4.70312781512 -2.6240878598 -6.09509475007 2.15457138711
58.65865865865866 -4.85970338341 1.16887250099 -5.61997070065 2.54659601466
58.85885885885886 -4.26328856459 4.56511538532 -5.08303768355 2.8216004849
59.05905905905906 -3.15094540382 6.23517471376 -4.4811932124 3.22796106101
59.25925925925926 -1.87337059728 6.32413404131 -3.77221583903 3.90450602052
59.45945945945946 -0.674736917465 5.5665785035 -2.89977539553 4.84522700829
59.65965965965966 0.338893547232 4.55133667216 -1.82612033352 5.87401890905
59.85985985985986 1.15266205296 3.60409828787 -0.558822391508 6.74135803866
60.06006006006006 1.79378121437 2.82904178968 0.851061128567 7.28281018921
60.26026026026026 2.29497558211 2.19775738917 2.33257498186 7.45571833001
60.46046046046046 2.68183394893 1.69195192129 3.81055872644 7.23906480646
60.66066066066066 2.98716984876 1.40996995916 5.19828759644 6.52777586514
60.86086086086086 3.27210451173 1.50558054711 6.37999698998 5.15833987954
61.06106106106106 3.61088565896 1.89550675981 7.2192546218 3.13790961125
61.26126126126126 4.01440488918 2.03055133509 7.61799635863 0.846852670593
61.46146146146146 4.36239327096 1.26755556197 7.5751126502 -1.20496684447
61.66166166166166 4.45879512647 -0.413361278658 7.16685474438 -2.79823078625
61.86186186186186 4.18286909865 -2.30290256376 6.48014789176 -4.01152160881
62.06206206206206 3.57533465041 -3.63510699331 5.57643558999 -4.98525083821
62.26226226226226 2.78081696791 -4.18341211487 4.49519491061 -5.78927484034
62.46246246246246 1.93625833871 -4.19531487919 3.27004114398 -6.41814490806
62.66266266266266 1.11309594805 -4.02150519084 1.93922299376 -6.83999918379
62.86286286286286 0.32231938424 -3.89882392217 0.546416355675 -7.03595267557
63.06306306306306 -0.458239696168 -3.92626412124 -0.862680570215 -7.00275217645
63.26326326326326 -1.2593669537 -4.09395199786 -2.24222446005 -6.74100622442
63.46346346346346 -2.09871315788 -4.27513440255 -3.54701044704 -6.25868560553
63.66366366366366 -2.95386876368 -4.19343227175 -4.73532144575 -5.58374579551
63.86386386386386 -3.73513004056 -3.4781138476 -5.7723396623 -4.75150282859
64.06406406406407 -4.29039815295 -1.94254200262 -6.62710399355 -3.75545275247
64.26426426426427 -4.48180156748 0.0396386049344 -7.25903463296 -2.50213655686
64.46446446446447 -4.3027822894 1.60699491313 -7.60120715775 -0.835794519606
64.66466466466467 -3.90971003476 2.13711188068 -7.56188542433 1.29406175752
64.86486486486487 -3.50412706502 1.83213213028 -7.07108121149 3.59291023153
65.06506506506507 -3.18284388373 1.41551986707 -6.14879397529 5.51877610634
65.26526526526527 -2.91115523494 1.37286767924 -4.90865919264 6.75048999101
65.46546546546547 -2.60745760206 1.70994895293 -3.48881432292 7.34227144177
65.66566566566567 -2.21267940554 2.25815744645 -1.99996407595 7.46337327909
65.86586586586587 -1.69470962591 2.93905950453 -0.526122564879 7.19739673761
66.06606606606607 -1.02512959479 3.78027794691 0.856816786687 6.55785913165
66.26626626626627 -0.16969229735 4.78656572417 2.07886680079 5.61219853007
66.46646646646647 0.892681143466 5.80418537112 3.0968382858 4.56232346333
66.66666666666667 2.13014535694 6.45061958678 3.91601261022 3.6637364035
66.86686686686687 3.40822244759 6.08309356695 4.58375971359 3.05790022637
67.06706706706707 4.44945479807 3.99844931356 5.15796752038 2.71114881598
67.26726726726727 4.89878149052 0.320799721505 5.67569715302 2.45671760366
67.46746746746747 4.57939020023 -3.32702245673 6.12997412992 2.02433340541
67.66766766766767 3.69420177262 -5.11607016813 6.44955695261 1.03811360813
67.86786786786787 2.69254868908 -4.52808941693 6.48028134139 -0.908213998458
68.06806806806807 1.98586549098 -2.40144900323 6.0310240358 -3.63677100318
68.26826826826827 1.72656620894 -0.317342429692 5.04480437209 -6.06930447448
68.46846846846847 1.78621397907 0.721705634664 3.67544078171 -7.42319609387
68.66866866866867 1.94924916131 0.771030443002 2.13520823298 -7.83959938243
68.86886886886887 2.04689620996 0.0871611444862 0.580011045146 -7.58755976303
69.06906906906907 1.93343087717 -1.35418458006 -0.852458910855 -6.58040476978
69.26926926926927 1.45753618796 -3.47865541135 -1.99957868148 -4.77092567587
69.46946946946947 0.536012395949 -5.66697574878 -2.74521960727 -2.70946767838
69.66966966966967 -0.765417307781 -7.1826651464 -3.12184533494 -1.18518793361
69.86986986986987 -2.27022383877 -7.64751231847 -3.27387754576 -0.455823288998
70.07007007007007 -3.72417943078 -6.54841213656 -3.34539718237 -0.345173181011
70.27027027027027 -4.73826403325 -3.19428730202 -3.44257515832 -0.688986975458
70.47047047047047 -4.89694682739 1.67180727853 -3.63556622469 -1.2364085917
70.67067067067067 -4.1363230383 5.57971085763 -3.92098589887 -1.54429298835
70.87087087087087 -2.82437098451 7.13282826387 -4.21900459921 -1.32768188494
71.07107107107107 -1.41887602345 6.6058589581 -4.39767665811 -0.281695435891
71.27127127127127 -0.285261560191 4.50537978144 -4.25296913113 1.91137004869
71.47147147147147 0.337287386238 1.71416741681 -3.59063260658 4.6965446194
71.67167167167167 0.446459542842 -0.433461132276 -2.41990415393 6.80724905602
71.87187187187187 0.243778696467 -1.41343082467 -0.944576312544 7.75657997434
72.07207207207207 -0.0617926661426 -1.51682686781 0.629723528322 7.85245379718
72.27227227227228 -0.3110672183 -0.815174553845 2.14866103585 7.16702073901
72.47247247247248 -0.31173267893 1.01338360058 3.4238352376 5.3671855908
72.67267267267268 0.158416915617 3.75124488882 4.23273017949 2.63941067984
72.87287287287288 1.16719736145 6.15426567548 4.49914590591 0.173024827412
73.07307307307308 2.52514977369 7.12137072426 4.37964419152 -1.1735802513
73.27327327327328 3.88636231599 6.1008386202 4.09221442865 -1.578104882
73.47347347347348 4.8055236697 2.69396420966 3.78594526061 -1.40366535888
73.67367367367368 4.86358012278 -2.16030821681 3.55224969868 -0.908889602669
73.87387387387388 4.01276557493 -5.98959332056 3.41496927721 -0.513451402775
74.07407407407408 2.62151381393 -7.54913815238 3.31925530487 -0.52253831631
74.27427427427428 1.10517494126 -7.37740803399 3.16850717082 -1.09397163505
74.47447447447448 -0.259209804444 -6.09577680855 2.83041996563 -2.41631732384
74.67467467467468 -1.28410397091 -4.05728191306 2.15755967746 -4.36583683485
74.87487487487488 -1.87526530116 -1.89505120454 1.08659577602 -6.25315865383
75.07507507507508 -2.08140678527 -0.288509401215 -0.297087756023 -7.42939540841
75.27527527527528 -2.04075928816 0.57729192033 -1.83599325705 -7.83063169927
75.47547547547548 -1.89624363948 0.742614047642 -3.39005469936 -7.58211975004
75.67567567567568 -1.80339753155 0.00553416182125 -4.81602464753 -6.49068529396
75.87587587587588 -1.96923267108 -1.82392442765 -5.91342350287 -4.29899402999
76.07607607607608 -2.56132271697 -4.03111366637 -6.49747474439 -1.53773138292
76.27627627627628 -3.50280727031 -5.05313752274 -6.56871893164 0.662579426611
76.47647647647648 -4.42991839879 -3.80124922589 -6.30004329561 1.87425203041
76.67667667667668 -4.88316267492 -0.480256000013 -5.86187972676 2.43095257773
76.87687687687688 -4.5911270843 3.29696365871 -5.3433773277 2.73377054036
77.07707707707708 -3.65644982259 5.73219054754 -4.76463857749 3.07273129936
77.27727727727728 -2.41640166968 6.39901112532 -4.09797670282 3.63354595239
77.47747747747748 -1.17099333319 5.91485282796 -3.2907194159 4.47382926608
77.67767767767768 -0.0784007209879 4.96698266394 -2.29498643516 5.48411626543
77.87787787787788 0.816148361517 3.98628197561 -1.09928641376 6.42952406445
78.07807807807808 1.52826856611 3.15757803028 0.260897529004 7.10259076958
78.27827827827828 2.09118802587 2.48812152958 1.7206900542 7.41998859731
78.47847847847848 2.53202260975 1.93438931166 3.20727336769 7.36699654285
78.67867867867868 2.87580097592 1.53628565586 4.6417835287 6.88084913342
78.87887887887888 3.1675533984 1.44180136413 5.92322084124 5.80905885744
79.07907907907908 3.47840503441 1.71152271062 6.92120019069 4.05168837478
79.27927927927928 3.85540242068 2.00540708238 7.51319764864 1.82190009926
79.47947947947948 4.23772262475 1.65719167242 7.65294941653 -0.379680495548
79.67967967967968 4.45156545061 0.329415615453 7.38870402596 -2.18206888474
79.87987987987988 4.33246652385 -1.54091217825 6.80827452826 -3.55462048843
80.08008008008008 3.85376279409 -3.13823910072 5.98525348849 -4.62850907734
80.28028028028028 3.12681917784 -3.99366616097 4.96796231856 -5.50543466191
80.48048048048048 2.29897731038 -4.19355887114 3.79245661372 -6.20723224642
80.68068068068068 1.46879001973 -4.07501750898 2.49590217746 -6.70965744068
80.88088088088088 0.668990671596 -3.9267381307 1.12080731769 -6.98948649829
81.08108108108108 -0.111862932263 -3.90034067703 -0.287395278566 -7.04028710629
81.28128128128128 -0.903397330462 -4.03075193276 -1.68286621611 -6.86244922179
81.48148148148148 -1.73165809194 -4.24447551738 -3.02011188928 -6.46029737994
81.68168168168168 -2.59442270276 -4.32581552476 -4.25598908659 -5.85540940413
81.88188188188188 -3.43092092479 -3.91576845537 -5.35377736939 -5.08746389479
82.08208208208208 -4.10712110544 -2.69380519877 -6.28359502218 -4.17572558355
82.28228228228228 -4.46120578237 -0.772271558457 -7.01258985305 -3.06352927673
82.48248248248248 -4.41858064678 1.11031384174 -7.48712369564 -1.60459922991
82.68268268268268 -4.07773529266 2.10371038185 -7.62233006863 0.33600244266
82.88288288288288 -3.64854595787 2.04394722683 -7.3277995357 2.63294719354
83.08308308308308 -3.28857085703 1.54732231732 -6.57729316805 4.7925881052
83.28328328328328 -3.01126617368 1.29635405076 -5.45103071177 6.33608747005
83.48348348348348 -2.73936901022 1.48517535466 -4.08789440266 7.17536788306
83.68368368368368 -2.39709220311 1.96788890147 -2.61407410239 7.47205249079
83.88388388388388 -1.94129979519 2.60744617733 -1.12332489464 7.35644968895
84.08408408408408 -1.34332881274 3.39449853785 0.30592551701 6.85825538718
84.28428428428428 -0.570059248836 4.35862994593 1.59889031665 6.00756079919
84.48448448448448 0.408794453035 5.41947220688 2.69761466223 4.95536033432
84.68468468468468 1.58787395104 6.2918577231 3.58700801555 3.96094484694
84.88488488488488 2.88041568971 6.44126717633 4.30165246705 3.2308274588
85.08508508508508 4.06862726793 5.12572029496 4.90085906064 2.79876052423
85.28528528528528 4.80681084649 1.97690302974 5.43446228674 2.54566345716
85.48548548548548 4.80428965431 -1.96800050822 5.9169229972 2.24133994232
85.68568568568568 4.10213780439 -4.70256430765 6.3068914811 1.55779591407
85.88588588588588 3.08181820985 -5.08384795222 6.48633406138 0.0647237220398
86.08608608608608 2.20541879962 -3.42315284649 6.2640798364 -2.41948347395
86.28628628628628 1.7548347567 -1.1115358212 5.50115565364 -5.13395523423
86.48648648648648 1.70622160165 0.434702208235 4.26892581247 -6.98203821465
86.68668668668668 1.85390371062 0.878533773848 2.77860968649 -7.75406755103
86.88688688688688 2.00413637673 0.504366604259 1.21328960084 -7.77710524347
87.08708708708708 2.00760885655 -0.600042952298 -0.290069281699 -7.11157858197
87.28728728728728 1.71049457472 -2.4869118517 -1.57682232735 -5.60300560517
87.48748748748748 0.984118545884 -4.77087321718 -2.4939312184 -3.52485429019
87.68768768768768 -0.171936730526 -6.65223505821 -3.00497485811 -1.68610241814
87.88788788788789 -1.6169453295 -7.60529728843 -3.22252922327 -0.624580172763
88.08808808808809 -3.13203661816 -7.26395880954 -3.30304847867 -0.27967917503
88.28828828828829 -4.38971360553 -4.90344833478 -3.36891078915 -0.454061635885
88.48848848848849 -4.94804853199 -0.425180193016 -3.50884305484 -0.976450754627
88.68868868868869 -4.55005049185 4.19312985413 -3.75645891344 -1.44894104513
88.88888888888889 -3.41069083763 6.77586473596 -4.05979196709 -1.49204261099
89.08908908908909 -1.99076793057 7.07284858235 -4.30990141669 -0.865668223829
89.28928928928929 -0.697057172698 5.59210912443 -4.33507063891 0.81600446326
89.48948948948949 0.16830742838 2.94400696421 -3.91428613624 3.48356437536
89.68968968968969 0.487447621103 0.37339901892 -2.94930967719 6.02244204967
89.88988988988989 0.393325984977 -1.11142162923 -1.57897323858 7.46661773779
90.09009009009009 0.111705541541 -1.56297218585 -0.0276143320355 7.8965915181
90.29029029029029 -0.18265029039 -1.2463255086 1.53466284543 7.58323309281
90.49049049049049 -0.322046745672 0.0505016737957 2.94476981202 6.30907309203
90.69069069069069 -0.0831253593723 2.49280747083 3.98138528762 3.88686972504
90.89089089089089 0.696496496901 5.22121189167 4.4778687791 1.13556123559
91.09109109109109 1.93528232704 6.89955924703 4.49790300514 -0.733940977048
91.29129129129129 3.34007115469 6.79660714309 4.2590559641 -1.49960571307
91.49149149149149 4.50345069904 4.41246081125 3.94435784092 -1.55243856547
91.69169169169169 4.9607929121 -0.0777446129515 3.66723258518 -1.16412364859
91.89189189189189 4.46856282552 -4.6216674343 3.48458642609 -0.683957373894
92.09209209209209 3.25124888767 -7.14257163522 3.37245641664 -0.506497344887
92.29229229229229 1.7474600663 -7.60522227081 3.24932070419 -0.817815585572
92.49249249249249 0.292504476412 -6.75417706382 3.00002784748 -1.80128652123
92.69269269269269 -0.89626559013 -4.99820047144 2.4772128053 -3.52573117894
92.89289289289289 -1.67899749292 -2.80974029187 1.56917158247 -5.52389268025
93.09309309309309 -2.04227664247 -0.921613411993 0.299445324148 -7.03232900775
93.29329329329329 -2.09653395471 0.256598727375 -1.19191998004 -7.73899358629
93.49349349349349 -1.98578318978 0.736744293475 -2.75451790863 -7.76770418984
93.69369369369369 -1.85258451932 0.440801488452 -4.25549080518 -7.08407441314
93.89389389389389 -1.88139067725 -0.918907522625 -5.52110763378 -5.36733971491
94.09409409409409 -2.27916098323 -3.11162097691 -6.34003838449 -2.72359924706
94.29429429429429 -3.0949674322 -4.81616679952 -6.61780356195 -0.164443776095
94.49449449449449 -4.07588108303 -4.58651056619 -6.4705421179 1.46529081316
94.69469469469469 -4.77263078165 -2.02873382412 -6.08747854903 2.25841755007
94.89489489489489 -4.80158487318 1.78869024257 -5.59343760526 2.63987108605
95.09509509509509 -4.10503402306 4.9150494608 -5.03533292828 2.94526795999
95.29529529529529 -2.95499139326 6.27593201824 -4.40363494085 3.40447035466
95.49549549549549 -1.68988678737 6.18305838763 -3.65397380202 4.13138875712
95.69569569569569 -0.526704420379 5.37114745495 -2.73375892157 5.08717252663
95.89589589589589 0.449602073021 4.38362002999 -1.61472424543 6.07668930866
96.09609609609609 1.23585996363 3.4990702955 -0.314203345724 6.86714443142
96.29629629629629 1.8621319521 2.78302889614 1.11250577243 7.32619903918
96.49649649649649 2.35845768837 2.19224979456 2.59517091147 7.42486238713
96.69669669669669 2.7472748371 1.71648978878 4.05952632001 7.13198080138
96.89689689689689 3.06046688316 1.4633523695 5.41692727081 6.32921696963
97.09709709709709 3.35758509857 1.56633412912 6.54922739079 4.86621671672
97.29729729729729 3.70345923882 1.88919857143 7.32390509579 2.79612499649
97.49749749749749 4.09115208865 1.86847634039 7.65515637465 0.524357424942
97.69769769769769 4.39019243953 0.952927877994 7.55276521308 -1.47641278069
97.89789789789789 4.41835557145 -0.753024268984 7.09431006728 -3.03222690739
98.09809809809809 4.0846615638 -2.52258080414 6.36273459967 -4.22788048722
98.29829829829829 3.44977296427 -3.69190220114 5.41710006673 -5.18646322688
98.49849849849849 2.65586423681 -4.13419632081 4.29816943939 -5.96153235893
98.69869869869869 1.82500993526 -4.11919287195 3.04293077165 -6.54392036441
98.89889889889889 1.01515432842 -3.97047089475 1.69252696648 -6.90896228779
99.09909909909909 0.23008514732 -3.89461434633 0.291834833557 -7.04577048059
99.29929929929929 -0.554731249749 -3.97250363765 -1.11335058125 -6.95401853437
99.49949949949949 -1.36937199623 -4.17909108914 -2.47743008234 -6.63596873885
99.69969969969969 -2.22680477122 -4.36138521059 -3.75618841111 -6.10594575118
99.89989989989989 -3.09342027351 -4.20669284244 -4.91056054719 -5.40086019137
100.10010010010011 -3.8625809028 -3.33212951287 -5.90955843009 -4.55691660886
100.30030030030031 -4.37001564383 -1.61810983729 -6.72475452705 -3.55367555711
100.50050050050051 -4.48720442035 0.42723161297 -7.31422118743 -2.27480500481
100.70070070070071 -4.23977161273 1.87585764319 -7.6056050877 -0.550931879122
100.90090090090091 -3.8134758364 2.19940765617 -7.5025494727 1.64158712832
101.10110110110111 -3.41144561181 1.7545875201 -6.94045945161 3.94296371463
101.30130130130131 -3.10929480815 1.31905590647 -5.95493028466 5.79003259089
101.50150150150151 -2.8529509678 1.32006437173 -4.67135882478 6.91341233821
101.70170170170171 -2.55492659493 1.70471421502 -3.22857133036 7.41219266399
101.90190190190191 -2.15689601233 2.29635979265 -1.73365281888 7.45493947713
102.10210210210211 -1.62615294881 3.03108839288 -0.269517360335 7.10735101313
102.30230230230231 -0.931662695465 3.9375858115 1.08671600641 6.38196031322
102.50250250250251 -0.0391466819058 4.99363924895 2.26658078574 5.37373732657
102.70270270270271 1.06514455632 6.00244512528 3.23499866246 4.31600995199
102.90290290290291 2.33324136971 6.53756938764 4.00865837067 3.46165755392
103.10310310310311 3.60598801632 5.9186541212 4.64223205864 2.9186833727
103.30330330330331 4.5802336953 3.49405486523 5.19401533562 2.62235784657
103.50350350350351 4.90516832799 -0.365857814447 5.69636684612 2.38477872239
103.70370370370371 4.45973609052 -3.8438726294 6.13388517223 1.91917580245
103.90390390390391 3.50760817142 -5.25580913304 6.42356024442 0.832242261382
104.10410410410411 2.51420647645 -4.32891487877 6.39863410806 -1.25610699191
104.30430430430431 1.86487520917 -2.07032437258 5.87256994564 -4.02694471279
104.50450450450451 1.66577852331 -0.0715977587556 4.81844487161 -6.33823400174
104.70470470470471 1.76028042092 0.828179283844 3.41132025232 -7.53752065879
104.90490490490491 1.93406875479 0.777752834909 1.8596177315 -7.84617948257
105.10510510510511 2.0238371465 -0.00290049846537 0.313099364113 -7.48890897379
105.30530530530531 1.87980781632 -1.57256822684 -1.08557605143 -6.33623079407
105.50550550550551 1.34926327562 -3.79058569389 -2.17014235825 -4.40472447895
105.70570570570571 0.366133148588 -5.94855802665 -2.84064787561 -2.34930605339
105.90590590590591 -0.979986888652 -7.33722753528 -3.15516604066 -0.932700696209
106.10610610610611 -2.49795762967 -7.60990625421 -3.26814396349 -0.313534978683
106.30630630630631 -3.91522608014 -6.19644723135 -3.32007027063 -0.289471460535
106.50650650650651 -4.82182422704 -2.49282859398 -3.41375096623 -0.705189775323
106.70670670670671 -4.82889420843 2.40975326161 -3.61292128227 -1.2692867639
106.90690690690691 -3.94931107809 5.99786209853 -3.90114162071 -1.53290936478
107.10710710710711 -2.58981364789 7.20549294737 -4.18974481609 -1.2381914726
107.30730730730731 -1.19589294191 6.43155773225 -4.33826577527 -0.0612559905826
107.50750750750751 -0.114711589125 4.17618411052 -4.13547096134 2.25764326907
107.70770770770771 0.439817263812 1.39508663605 -3.40291692103 5.02117119254
107.90790790790791 0.498128834629 -0.614225300436 -2.18105324214 6.98597690247
108.10810810810811 0.272614126771 -1.46982578234 -0.683711667258 7.80728221283
108.30830830830831 -0.0353473015655 -1.48520349556 0.89161717063 7.81298784125
108.50850850850851 -0.267375145003 -0.665039167889 2.39148753985 7.00625412012
108.70870870870871 -0.222779601452 1.31164927691 3.61876576425 5.05256635316
108.90890890890891 0.314129584277 4.08945287084 4.35670806786 2.27480761307
109.10910910910911 1.37917162564 6.35364047151 4.55949822282 -0.079648644722
109.30930930930931 2.75388726933 7.07536603449 4.40397376734 -1.28794106286
109.50950950950951 4.07348527352 5.71585158083 4.1029199389 -1.60782330661
109.70970970970971 4.88019497031 1.98307451274 3.79611654708 -1.38511713424
109.90990990990991 4.78913893426 -2.86538270101 3.5667014425 -0.896399760708
110.11011011011011 3.82793543702 -6.36205773401 3.42627596929 -0.562787489319
110.31031031031031 2.39612950166 -7.6037081067 3.31292805085 -0.651572601094
110.51051051051051 0.889702616684 -7.2400956932 3.12667551023 -1.32374249653
110.71071071071071 -0.434062097404 -5.83715104546 2.73190869483 -2.74647409061
110.91091091091091 -1.40163202891 -3.76214869221 1.98950110567 -4.70896307372
111.11111111111111 -1.93969776269 -1.67480381274 0.859011509786 -6.49002912029
111.31131131131131 -2.11334002642 -0.182615998737 -0.558036000043 -7.52935332996
111.51151151151151 -2.06089264261 0.593518897078 -2.10617330532 -7.82822797705
111.71171171171171 -1.92171908219 0.66793414836 -3.65017610198 -7.47874782824
111.91191191191191 -1.8564056999 -0.200298825739 -5.04147629664 -6.2404885256
112.11211211211211 -2.07511432076 -2.12627580204 -6.07415393727 -3.9177529529
112.31231231231232 -2.72177712371 -4.23260271767 -6.5806772768 -1.1736567293
112.51251251251252 -3.67491557308 -4.94342375975 -6.59152139985 0.896153789252
112.71271271271272 -4.54307904839 -3.33232883449 -6.28763171957 2.0035091997
112.91291291291292 -4.88018679341 0.159923782906 -5.82851762639 2.52053433734
113.11311311311312 -4.47078872099 3.7800277456 -5.29187912005 2.83207675747
113.31331331331332 -3.47065366151 5.9009506483 -4.68981304349 3.21109584515
113.51351351351352 -2.22279204268 6.33108115281 -3.99037345399 3.82221357493
113.71371371371372 -1.00322081709 5.7449168957 -3.14158704589 4.694213916
113.91391391391392 0.053692664045 4.79279786522 -2.10225667063 5.69063172701
114.11411411411412 0.917544889039 3.85841953584 -0.870510462729 6.57758700679
114.31431431431432 1.60969256895 3.08456829487 0.511762744473 7.17472891376
114.51451451451452 2.16227321596 2.45471515417 1.9786831097 7.42030351712
114.71471471471472 2.59911265702 1.92670891196 3.45846003699 7.29791795323
114.91491491491492 2.9438468536 1.55442266006 4.87125949946 6.72988736158
115.11511511511512 3.24193708379 1.48474188367 6.11287084315 5.56118566225
115.31531531531532 3.56094995279 1.73831338175 7.0525631266 3.72460706118
115.51551551551552 3.93448571868 1.92881607016 7.57620193786 1.47825143486
115.71571571571572 4.28586317947 1.42467194986 7.65064837014 -0.68269451125
115.91591591591592 4.44201125436 0.00626749117102 7.33092126835 -2.43529062631
116.11611611611612 4.26097848151 -1.81346009547 6.70333656389 -3.77550143587
116.31631631631632 3.74128312958 -3.26923952926 5.83829117712 -4.82786322255
116.51651651651652 3.00172796941 -3.99808615647 4.78356907466 -5.67807842293
116.71671671671672 2.17994543765 -4.14073108872 3.57730504302 -6.33955221498
116.91691691691692 1.36078425373 -4.02533128252 2.25924958748 -6.79098798747
117.11711711711712 0.567777595225 -3.91165922762 0.873301945508 -7.01651082037
117.31731731731732 -0.214473521081 -3.92975356246 -0.534920963144 -7.01367150474
117.51751751751752 -1.01606153402 -4.09954031192 -1.91982057536 -6.78389375828
117.71771771771772 -1.86009042597 -4.32634853618 -3.23653651108 -6.33526131097
117.91791791791792 -2.73589445155 -4.36133249213 -4.44376442088 -5.69703366642
118.11811811811812 -3.56782352424 -3.8207648247 -5.50793823161 -4.91250024818
118.31831831831832 -4.20704635414 -2.41913710291 -6.40183749469 -3.99158913322
118.51851851851852 -4.49281339006 -0.38798829087 -7.0921396292 -2.85700214738
118.71871871871872 -4.37679622472 1.42791827947 -7.52048717712 -1.34386937429
118.91891891891892 -3.99138134151 2.2211813771 -7.59596059529 0.671652618714
119.11911911911912 -3.55790819778 1.98625782659 -7.22947888519 3.00307971324
119.31931931931932 -3.21640771815 1.44234750019 -6.40900125873 5.10680468424
119.51951951951952 -2.95641588672 1.23637936401 -5.2306455454 6.53909456331
119.71971971971972 -2.69044303141 1.48407156629 -3.83773844587 7.27384856695
119.91991991991992 -2.34370538978 2.01175443468 -2.35266744976 7.48870199836
120.12012012012012 -1.87486642855 2.69527868231 -0.866133214503 7.29711099056
120.32032032032032 -1.25399871686 3.53693083593 0.543183227869 6.71814153536
120.52052052052052 -0.446762523767 4.55233961256 1.80073387709 5.79863764389
120.72072072072072 0.573034262208 5.62466708275 2.85425234726 4.7222345101
120.92092092092092 1.78790383509 6.4271047576 3.69929150946 3.75885400278
121.12112112112112 3.09047517846 6.38234282567 4.3793340297 3.08897444028
121.32132132132132 4.23614631277 4.74547762069 4.95598860436 2.7123349118
121.52152152152152 4.8671347953 1.31881078224 5.47567434458 2.48680583302
121.72172172172172 4.7300588256 -2.59046368127 5.94544307449 2.16460996529
121.92192192192192 3.93384918123 -4.98918552843 6.3132364254 1.40077475951
122.12212212212212 2.89616182857 -4.98147331972 6.4471890185 -0.240093983915
122.32232232232232 2.06762241797 -3.08680829656 6.15059726232 -2.83583055409
122.52252252252252 1.68632856523 -0.794408708903 5.30777033695 -5.48502307072
122.72272272272272 1.68632043149 0.597682289437 4.02196200769 -7.1637930202
122.92292292292292 1.85264407626 0.910570791388 2.50968044851 -7.80166167038
123.12312312312312 1.99920940549 0.43561658176 0.944950250265 -7.72324432561
123.32332332332332 1.97706733016 -0.792770035319 -0.535217373654 -6.92612175806
123.52352352352352 1.62827528556 -2.80168432437 -1.76972796879 -5.27274478311
123.72372372372372 0.834905404211 -5.10132381362 -2.61374119063 -3.14984066676
123.92392392392392 -0.377997486387 -6.8751350468 -3.05705187697 -1.40031884139
124.12412412412412 -1.85159702312 -7.65879872547 -3.23015147149 -0.463671651552
124.32432432432432 -3.35325964192 -7.05348114253 -3.28860719135 -0.215551497018
124.52452452452452 -4.53174301641 -4.31682203167 -3.34982317596 -0.46950703827
124.72472472472472 -4.9453951271 0.370916232053 -3.49811928255 -1.03329474885
124.92492492492492 -4.40311040484 4.77699213051 -3.75501622092 -1.47452348038
125.12512512512512 -3.18527265394 6.97921170798 -4.05680403162 -1.44614314321
125.32532532532532 -1.75618144781 6.97785473502 -4.28695579468 -0.701323779829
125.52552552552552 -0.504345163492 5.28278558382 -4.26301381563 1.14129832317
125.72572572572572 0.288171110286 2.55805198235 -3.76777329633 3.87144912042
125.92592592592592 0.538698423655 0.0973592493203 -2.73468530835 6.29234819492
126.12612612612612 0.405719779055 -1.22903384096 -1.32709635019 7.575052063
126.32632632632632 0.112177826262 -1.571438294 0.234285845995 7.89545846329
126.52652652652652 -0.173624496076 -1.14522329522 1.78607527915 7.47229156861
126.72672672672672 -0.277188167685 0.313737212734 3.15822107343 6.03387153755
126.92692692692692 0.0285967723666 2.87446038036 4.12501654594 3.48682548932
127.12712712712712 0.880796254547 5.53030612671 4.54402376882 0.793226282614
127.32732732732732 2.16074954847 6.98575764842 4.51154188841 -0.914617373931
127.52752752752752 3.55321998713 6.57145039567 4.24966788439 -1.56002212612
127.72772772772772 4.63387490859 3.81365402319 3.93053511998 -1.54165081224
127.92792792792793 4.94741328946 -0.851525521902 3.6595839202 -1.12306425998
128.12812812812814 4.31781417792 -5.16438124913 3.48255754785 -0.678814378973
128.32832832832833 3.02908117524 -7.32272776319 3.36461160826 -0.57235157778
128.52852852852854 1.51593725042 -7.54073156923 3.21972520591 -0.973693298504
128.72872872872873 0.0900112147649 -6.53827954073 2.92813042712 -2.06882944679
128.92892892892894 -1.04526779949 -4.69348843516 2.34320711732 -3.86314306091
129.12912912912913 -1.76686915743 -2.52359884438 1.37052986175 -5.81112931869
129.32932932932934 -2.08254120844 -0.738694394977 0.0559617685783 -7.18873095343
129.52952952952953 -2.11098769464 0.33570124583 -1.45435401199 -7.77823220038
129.72972972972974 -1.99333537834 0.725131371899 -3.01532582874 -7.71142344072
129.92992992992993 -1.87415017621 0.303628275829 -4.49288051923 -6.89668756007
130.13013013013014 -1.94565870582 -1.20231010384 -5.70432355388 -5.01634978628
130.33033033033033 -2.40518104999 -3.40752937368 -6.44377974364 -2.30988535848
130.53053053053054 -3.26095609707 -4.88251035374 -6.6470428621 0.146232243168
130.73073073073073 -4.21912550939 -4.28608992844 -6.45198269356 1.63876729809
130.93093093093094 -4.82347848362 -1.44027857765 -6.0428985945 2.35611489536
131.13113113113113 -4.7295838999 2.36984342149 -5.53194036756 2.71915315747
131.33133133133134 -3.94125772304 5.2273345175 -4.95634651247 3.04593206367
131.53153153153153 -2.7582385055 6.30889476586 -4.300386013 3.54802876982
131.73173173173174 -1.50427296528 6.06081886848 -3.51764097549 4.31552786215
131.93193193193193 -0.371384437605 5.20557378555 -2.55888099667 5.28096201766
132.13213213213214 0.573281814994 4.2402033956 -1.40381503922 6.23607392991
132.33233233233233 1.33520704022 3.3999454879 -0.0774148924771 6.96384176937
132.53253253253254 1.94551671216 2.71998547384 1.36190202315 7.35607465563
132.73273273273273 2.43150887036 2.15026193281 2.84418215618 7.3911348234
132.93293293293294 2.81372541532 1.69375672844 4.29488708392 7.026634507
133.13313313313313 3.12522688009 1.47087678036 5.62234415939 6.13202170016
133.33333333333334 3.4266394841 1.59635875252 6.70513195791 4.57115483563
133.53353353353353 3.77597117565 1.87878332918 7.41400622552 2.44495154765
133.73373373373374 4.15012722173 1.73315848662 7.67535195323 0.187925743336
133.93393393393393 4.40802713025 0.686612242348 7.51081225138 -1.75866869682
134.13413413413414 4.37784568993 -1.04695591566 7.00110665551 -3.26466248776
134.33433433433433 3.99304064728 -2.72461446771 6.22663819249 -4.42590184093
134.53453453453454 3.33075927246 -3.76577034398 5.2442939886 -5.35482557833
134.73473473473473 2.53162624939 -4.12301269481 4.09510860212 -6.09387448688
134.93493493493494 1.70632408049 -4.08388692986 2.81771403094 -6.63181594031
135.13513513513513 0.902329035829 -3.95188222144 1.45451263557 -6.94877227674
135.33533533533534 0.117688704204 -3.91032952513 0.0506264003917 -7.03813068551
135.53553553553553 -0.673918833491 -4.02353077625 -1.34841997762 -6.90065807553
135.73573573573574 -1.50109275096 -4.24843766527 -2.69749092219 -6.54030836056
135.93593593593593 -2.37075521267 -4.40387194115 -3.95354168316 -5.9767621167
136.13613613613614 -3.23710688089 -4.14792786599 -5.07980176048 -5.2513629088
136.33633633633633 -3.97849962201 -3.1077310434 -6.04760377098 -4.39492117827
136.53653653653654 -4.4255835602 -1.2556626736 -6.82851347615 -3.36977566697
136.73673673673673 -4.46842524431 0.77581678694 -7.37663846754 -2.03966032296
136.93693693693695 -4.16706044161 2.04730363772 -7.61307546376 -0.234401429638
137.13713713713713 -3.72764887307 2.16985913759 -7.43938447414 2.02095403723
137.33733733733735 -3.34224949817 1.64300905093 -6.80211673105 4.29716793912
137.53753753753753 -3.05974035347 1.24795492368 -5.7555459478 6.03767419754
137.73773773773775 -2.81010116202 1.32309459525 -4.43445982133 7.04382747058
137.93793793793793 -2.50565529819 1.7616415405 -2.97503961009 7.45248555683
138.13813813813815 -2.0923374833 2.39133310145 -1.479480029 7.42205292493
138.33833833833833 -1.53859075714 3.16730149312 -0.0292220777619 7.0011136429
138.53853853853855 -0.812301298456 4.11800297069 1.29862885001 6.20743948154
138.73873873873873 0.119129702062 5.1950715204 2.43920759057 5.1637750466
138.93893893893895 1.26110749535 6.1641210152 3.36644241583 4.12313998954
139.13913913913913 2.54944715718 6.55731093555 4.10659361011 3.32315030872
139.33933933933935 3.800666333 5.66239744835 4.71840160778 2.83775156201
139.53953953953953 4.69008739175 2.91412115037 5.25803938597 2.57659803546
139.73973973973975 4.88281397088 -1.04725183479 5.75147505587 2.33332578068
139.93993993993993 4.32129641478 -4.27335388372 6.1735483518 1.80528936755
140.14014014014015 3.32366167422 -5.27715998521 6.42794670834 0.581107321235
140.34034034034033 2.36152428933 -4.02563058802 6.33576790385 -1.66788260027
140.54054054054055 1.78539469139 -1.68973091247 5.72223286115 -4.45319982717
140.74074074074073 1.65038765932 0.167379198522 4.59703666749 -6.60578522242
140.94094094094095 1.77505432433 0.898225601983 3.1541105397 -7.63716911261
141.14114114114113 1.9502757193 0.7274104709 1.59433112506 -7.83288373974
141.34134134134135 2.01832211912 -0.174192058529 0.0616026545065 -7.35812995401
141.54154154154153 1.82600750662 -1.88144210789 -1.29599044826 -6.05538176542
141.74174174174175 1.22511749987 -4.16220474357 -2.31305747836 -4.03216600941
141.94194194194193 0.173396152622 -6.2414031852 -2.91214510315 -2.03164835289
142.14214214214215 -1.21621181934 -7.4713552762 -3.1762336796 -0.749154456761
142.34234234234233 -2.74045952362 -7.52170318766 -3.26452981036 -0.243947401091
142.54254254254255 -4.10692696205 -5.75569965155 -3.31135777284 -0.305510503557
142.74274274274273 -4.88803907248 -1.71492811836 -3.41509534385 -0.781873311103
142.94294294294295 -4.73591827381 3.14285160718 -3.62993510888 -1.33537983155
143.14314314314313 -3.74456823585 6.35968204877 -3.92507416397 -1.530566218
143.34334334334335 -2.34996991332 7.21182319569 -4.20354342865 -1.13018693699
143.54354354354354 -0.982526000046 6.17232138778 -4.31431153946 0.216957906399
143.74374374374375 0.0276412557517 3.75210517425 -4.03938574048 2.67882674859
143.94394394394394 0.497707412605 1.01227981314 -3.22390514186 5.39239774603
144.14414414414415 0.496581791391 -0.819314812994 -1.94529341433 7.1768172666
144.34434434434434 0.245867834581 -1.52746223333 -0.425484858371 7.85222284741
144.54454454454455 -0.0625405181549 -1.43075520577 1.14798794907 7.74820490681
144.74474474474474 -0.268962612876 -0.452120791226 2.62035780985 6.78440803117
144.94494494494495 -0.162906025625 1.70286047236 3.78424911411 4.65017059577
145.14514514514514 0.458133227131 4.49932150339 4.43510476357 1.84523707622
145.34534534534535 1.58881696469 6.57442856652 4.56591393945 -0.352078090747
145.54554554554554 2.97989122793 7.00494069488 4.37337712727 -1.39601327923
145.74574574574575 4.24904322283 5.27052753806 4.06146903262 -1.61644166123
145.94594594594594 4.93110675912 1.22196031496 3.7597716364 -1.3320128179
146.14614614614615 4.68649564556 -3.56301327512 3.54238711304 -0.84186213823
146.34634634634634 3.62002590697 -6.6997853372 3.40780631379 -0.56456910525
146.54654654654655 2.15395145077 -7.63232882147 3.28653596643 -0.732539747434
146.74674674674674 0.661901026699 -7.08178360941 3.07377818073 -1.51255039228
146.94694694694695 -0.616462780624 -5.55055460296 2.62968077445 -3.04364649183
147.14714714714714 -1.52015982744 -3.42973069813 1.82384205849 -5.02371664949
147.34734734734735 -1.99682318886 -1.40907062959 0.63890846072 -6.7053251295
147.54754754754754 -2.12835334978 -0.027657572965 -0.808115966361 -7.61669933937
147.74774774774775 -2.05496204964 0.649257349884 -2.36332199954 -7.81479487704
147.94794794794794 -1.91563995888 0.605808095137 -3.89400859211 -7.35123743875
148.14814814814815 -1.87896392575 -0.42920166856 -5.24355582452 -5.94389738462
148.34834834834834 -2.15727881377 -2.4668847414 -6.20123573259 -3.48552950483
148.54854854854855 -2.86479975828 -4.45496131147 -6.62203149339 -0.781184131107
148.74874874874874 -3.83142709849 -4.83310406476 -6.56919049336 1.13602978027
148.94894894894895 -4.6399737058 -2.86193026551 -6.23021530388 2.1259573388
149.14914914914914 -4.86268410339 0.779297373071 -5.7526590229 2.59188531649
149.34934934934935 -4.3417006955 4.23159240396 -5.2026731603 2.90077826053
149.54954954954954 -3.28067253306 6.05941780428 -4.58432676709 3.30879960709
149.74974974974975 -2.0241713961 6.28037587359 -3.86123647044 3.96081205858
149.94994994994994 -0.825347111237 5.60568971569 -2.98152799194 4.85992876452
150.15015015015015 0.201905724301 4.6451793393 -1.90921976879 5.84763477003
150.35035035035034 1.03868730096 3.73829510285 -0.64993712973 6.69139519384
150.55055055055055 1.70986654652 2.9935180216 0.749428111862 7.23096717172
150.75075075075074 2.24601755628 2.37948971563 2.22181020779 7.41880031231
150.95095095095095 2.66881400053 1.86248204491 3.69525588231 7.23424614215
151.15115115115114 3.00291894746 1.51631482272 5.08756646431 6.58454377071
151.35135135135135 3.29769209093 1.49061554953 6.28989524316 5.31202885984
151.55155155155154 3.62071214154 1.76230751809 7.169946962 3.38512605898
151.75175175175175 3.99393062646 1.88528480982 7.62186248179 1.11473565015
151.95195195195194 4.3234460012 1.24609346714 7.62716207135 -1.00208962743
152.15215215215215 4.43264344714 -0.268230586712 7.25001295172 -2.68999601635
152.35235235235234 4.19672208568 -2.06736569269 6.57696645478 -3.97780469605
152.55255255255256 3.6359532782 -3.41897020438 5.6754570981 -4.99126648406
152.75275275275274 2.87729553371 -4.04530299053 4.59156790081 -5.80581917685
152.95295295295296 2.05229808651 -4.13471891291 3.36355596841 -6.42842394829
153.15315315315314 1.23559893036 -4.0129298778 2.03183462079 -6.83851400828
153.35335335335336 0.443353609533 -3.91914626704 0.640469184937 -7.0234091739
153.55355355355354 -0.343174338284 -3.96496907466 -0.765232817418 -6.98192372708
153.75375375375376 -1.15399175139 -4.15332290241 -2.14009926372 -6.71596652603
153.95395395395394 -2.00815301398 -4.36584942416 -3.44000502504 -6.23653010005
154.15415415415416 -2.88548557103 -4.32491142764 -4.62513324282 -5.57659148224
154.35435435435434 -3.69659602573 -3.64042061358 -5.66363347643 -4.77669588024
154.55455455455456 -4.28385749416 -2.08908875098 -6.52836295653 -3.83318590254
154.75475475475474 -4.49735503712 -0.0247829273161 -7.18263439545 -2.6496562497
154.95495495495496 -4.32026595657 1.64951884594 -7.56157763801 -1.0528314001
155.15515515515514 -3.91222767353 2.22828080899 -7.56967490713 1.04808579386
155.35535535535536 -3.49202272336 1.87195675306 -7.12493483894 3.39044079544
155.55555555555554 -3.17285889736 1.35346557461 -6.23470027864 5.40294334602
155.75575575575576 -2.92187329703 1.23703693439 -5.00994398947 6.70727952565
155.95595595595594 -2.6480699068 1.5555476905 -3.59428295004 7.33886716848
156.15615615615616 -2.28272493148 2.12249929913 -2.10400869644 7.47865126363
156.35635635635634 -1.78877650357 2.83550569552 -0.626191046745 7.22024108434
156.55655655655656 -1.13663642516 3.70920232679 0.761212916718 6.57763377081
156.75675675675674 -0.29237855875 4.74581401091 1.98590644119 5.61701330673
156.95695695695696 0.765085316532 5.79761516462 3.00268568816 4.545240293
157.15715715715714 2.00628352293 6.50041095775 3.81644452932 3.62814511788
157.35735735735736 3.30369126093 6.23474105383 4.4761728179 3.01586835326
157.55755755755754 4.38810001009 4.27492035968 5.04270969942 2.67981754813
157.75775775775776 4.89898886495 0.633712840432 5.55708045489 2.45877467411
157.95795795795794 4.63177109033 -3.14399021365 6.0174751541 2.08907667648
158.15815815815816 3.76160520976 -5.15349308729 6.35964067363 1.20647766506
158.35835835835834 2.73209446423 -4.75375926243 6.43678501078 -0.616658051245
158.55855855855856 1.97281042752 -2.66998776129 6.05166396864 -3.31250936206
158.75875875875874 1.66988949151 -0.466203631558 5.12144282607 -5.85011113063
158.95895895895896 1.71564703398 0.72675200179 3.78240686202 -7.33329442955
159.15915915915915 1.89132048124 0.884865133532 2.25131549302 -7.83100663493
159.35935935935936 2.02023289019 0.284113233518 0.691645195697 -7.64142696877
159.55955955955955 1.95363694904 -1.08750300138 -0.758440827246 -6.70172316759
159.75975975975976 1.53372644943 -3.20059291029 -1.93400625219 -4.92162110288
159.95995995995995 0.66156981615 -5.46339543003 -2.70568311021 -2.80578976233
160.16016016016016 -0.609889614681 -7.08763668735 -3.09207855819 -1.18637322284
160.36036036036037 -2.10721820839 -7.67368219609 -3.23653309992 -0.385043841792
160.56056056056056 -3.58384072264 -6.76342560989 -3.28935681598 -0.232917674238
160.76076076076077 -4.66410342454 -3.6303084703 -3.36180189083 -0.559773120466
160.96096096096096 -4.9182050179 1.20242622839 -3.53115055452 -1.13898748287
161.16116116116117 -4.23331846534 5.31666185115 -3.8039357029 -1.5186419502
161.36136136136136 -2.94891265683 7.11442700974 -4.10531829869 -1.39195229985
161.56156156156158 -1.52574719366 6.79710620379 -4.30994092411 -0.486856495406
161.76176176176176 -0.335683562998 4.86323998812 -4.22258721345 1.55399415384
161.96196196196198 0.362785425476 2.07992715294 -3.63586186848 4.33228945315
162.16216216216216 0.531251037884 -0.220613365526 -2.5246059809 6.59000176118
162.36236236236238 0.354824527676 -1.35443091002 -1.0773738343 7.68342153638
162.56256256256256 0.0500773013496 -1.5642805444 0.492308426688 7.8763301589
162.76276276276278 -0.220546341084 -0.989963328113 2.02700230735 7.30968189036
162.96296296296296 -0.272571800378 0.677143070472 3.34642442622 5.66524652399
163.16316316316318 0.121300129712 3.35657750062 4.22382292084 2.99567313664
163.36336336336336 1.06138624666 5.88762906909 4.55192007229 0.410945652646
163.56356356356358 2.38656009482 7.06618866038 4.46348646574 -1.09453644517
163.76376376376376 3.76088922929 6.29508668099 4.18080336445 -1.60070525036
163.96396396396398 4.74576621554 3.14436493411 3.86285127857 -1.49440561184
164.16416416416416 4.90490536908 -1.65128178715 3.60671674227 -1.0336594018
164.36436436436438 4.1385943466 -5.6813585631 3.44559195634 -0.619691368014
164.56456456456456 2.78466008726 -7.47268925911 3.33298216188 -0.581785534507
164.76476476476478 1.26729052364 -7.45369072868 3.17717866579 -1.07938477321
164.96496496496496 -0.124659241068 -6.29302051079 2.85208950426 -2.29894659687
165.16516516516518 -1.19912234457 -4.34498289886 2.21140933795 -4.17358302414
165.36536536536536 -1.84970130947 -2.18351731884 1.17884034764 -6.07773508721
165.56556556556558 -2.10649406702 -0.498387189764 -0.177138038139 -7.33164140902
165.76576576576576 -2.09813434135 0.464904630152 -1.70424479061 -7.80809869014
165.96596596596598 -1.96566068749 0.739347461938 -3.26114785966 -7.63731885488
166.16616616616616 -1.85922033182 0.151584158149 -4.70946931112 -6.66713720103
166.36636636636638 -1.98022362701 -1.53414079796 -5.85596052253 -4.60390805798
166.56656656656656 -2.5113484777 -3.74649230164 -6.50457937916 -1.85002995577
166.76676676676678 -3.41288957469 -4.96318801013 -6.62731111075 0.471694391817
166.96696696696696 -4.34902648313 -3.98198831013 -6.38371704844 1.80677819719
167.16716716716718 -4.86053507986 -0.85523696127 -5.95112955713 2.43445440937
167.36736736736736 -4.64632985744 2.93078299665 -5.42842461941 2.76629198512
167.56756756756758 -3.77003402726 5.52677688447 -4.84296688173 3.1028097887
167.76776776776777 -2.55419917271 6.35351459725 -4.17249757568 3.638491463
167.96796796796798 -1.30713936825 5.96664595528 -3.36785051234 4.44219001721
168.16816816816817 -0.198717500364 5.06720154126 -2.38178046438 5.42175602363
168.36836836836838 0.718299291661 4.10723023257 -1.1999763213 6.3570452013
168.56856856856857 1.45546233048 3.28532208045 0.146531676101 7.0413745672
168.76876876876878 2.04402867496 2.61535580617 1.59634474246 7.38306655089
168.96896896896897 2.50934695599 2.04847806394 3.07874107907 7.36406515783
169.16916916916918 2.87237765344 1.60827324998 4.51744966218 6.92975697013
169.36936936936937 3.17108902856 1.43407601652 5.81610223806 5.93618878163
169.56956956956958 3.47147600161 1.61984139283 6.84828977349 4.26327529282
169.76976976976977 3.82718209573 1.90265478639 7.48750591945 2.06966489793
169.96996996996998 4.19737258463 1.65479887792 7.67407526894 -0.170415512152
170.17017017017017 4.42542108606 0.471278183548 7.44442397558 -2.04683753934
170.37037037037038 4.34437806142 -1.32004560583 6.88447114764 -3.48091558104
170.57057057057057 3.90881051279 -2.94352677398 6.0724098778 -4.58818867397
170.77077077077078 3.21283617326 -3.88257714161 5.06177980928 -5.47653037438
170.97097097097097 2.39895305265 -4.16083527729 3.89185566542 -6.17960857928
171.17117117117118 1.57011997756 -4.08857793123 2.6008314251 -6.68235019787
171.37137137137137 0.765466292457 -3.95793166044 1.23093423493 -6.96546990529
171.57157157157158 -0.0219840965628 -3.93351965572 -0.173095664801 -7.02324472872
171.77177177177177 -0.819961934501 -4.06216679602 -1.56618123089 -6.85638150457
171.97197197197198 -1.65475602787 -4.28006822296 -2.90369440583 -6.46986085321
172.17217217217217 -2.52619493211 -4.37973145565 -4.14346875802 -5.88562172313
172.37237237237238 -3.37670054642 -4.00377106341 -5.24980385528 -5.14355793263
172.57257257257257 -4.07412073316 -2.81506061554 -6.19396118619 -4.26411757579
172.77277277277278 -4.45317538047 -0.892056186156 -6.94456521595 -3.19243930669
172.97297297297297 -4.43005724658 1.04212072915 -7.44952127609 -1.77974231706
173.17317317317318 -4.096040023 2.10071628145 -7.62371528485 0.126025012776
173.37337337337337 -3.66428066351 2.06212974523 -7.37146346738 2.4293488119
173.57357357357358 -3.30344307662 1.53130129308 -6.65696150224 4.64212560708
173.77377377377377 -3.03416310193 1.23451866006 -5.55415611352 6.25082768223
173.97397397397398 -2.77719102486 1.40313555437 -4.20295469454 7.13770606392
174.17417417417417 -2.45110502262 1.8910535973 -2.73351535133 7.46379746914
174.37437437437438 -2.00937343054 2.54371074721 -1.2421940493 7.36983938219
174.57457457457457 -1.42324109273 3.33861585859 0.191713678009 6.89100518643
174.77477477477478 -0.660959067974 4.30424996605 1.49281657949 6.05475091137
174.97497497497497 0.307354644772 5.37055030704 2.60153444013 5.00575083121
175.17517517517518 1.47888840922 6.27117679535 3.50025601203 4.00209094428
175.37537537537537 2.77389951366 6.4965329964 4.22171926828 3.25789746741
175.57557557557558 3.9856590323 5.31231822629 4.82531545287 2.81719613594
175.77577577577577 4.77417457056 2.27944207713 5.36284325657 2.56943598488
175.97597597597598 4.8328424819 -1.68843834819 5.85233908788 2.29201419007
176.17617617617617 4.17162732754 -4.58850574366 6.25756027685 1.66550616303
176.37637637637638 3.15414614309 -5.16462424166 6.46725074916 0.262700947061
176.57657657657657 2.24801088782 -3.61794186993 6.2925289047 -2.15543192385
176.77677677677679 1.75912382968 -1.27670952845 5.580273968 -4.91074481878
176.97697697697697 1.68804484352 0.378393834999 4.38231248646 -6.86448325612
177.17717717717719 1.8341147996 0.912110885892 2.90664550345 -7.7183790715
177.37737737737737 1.99738599499 0.598781666305 1.34287809379 -7.79586283758
177.57757757757759 2.02559724858 -0.446766524942 -0.170100117771 -7.19148776491
177.77777777777777 1.76435623874 -2.28780637237 -1.4793702396 -5.74407498591
177.977977977978 1.07782755593 -4.58378118644 -2.42682004059 -3.67447272493
178.17817817817817 -0.0470076373008 -6.53314526343 -2.96296559408 -1.78017657847
178.3783783783784 -1.47680718278 -7.57579213972 -3.1923717923 -0.651267191272
178.57857857857857 -2.99826264838 -7.36922020192 -3.27319895184 -0.259459145508
178.7787787787788 -4.29673158601 -5.21175693306 -3.33162167947 -0.402228351289
178.97897897897897 -4.93313848747 -0.865244609966 -3.45993274018 -0.919000568355
179.1791791791792 -4.6168120517 3.8543516645 -3.69913266044 -1.42800512383
179.37937937937937 -3.52374507944 6.65372750221 -4.00371655908 -1.52760655591
179.5795795795796 -2.10896447065 7.13603037853 -4.26857310814 -0.98452328355
179.77977977977977 -0.787160654601 5.80271446374 -4.32909566635 0.580747374478
179.97997997998 0.128875446838 3.21739087143 -3.96314582767 3.19186798316
180.18018018018017 0.497056963779 0.570724577267 -3.05068623053 5.80799027857
180.3803803803804 0.42985489251 -1.03687409203 -1.71091308432 7.37237094147
180.58058058058057 0.153956767646 -1.57403203904 -0.169583717667 7.88434314679
180.7807807807808 -0.149916258714 -1.3339587017 1.3972185411 7.64442409023
180.98098098098097 -0.317340116731 -0.146625103309 2.82984354002 6.47798190109
181.1811811811812 -0.127938961876 2.20974639924 3.91041883267 4.14328565942
181.38138138138137 0.596875173397 4.98081597943 4.45691740627 1.35603951039
181.5815815815816 1.80118240724 6.80544402234 4.50969075909 -0.629797330966
181.78178178178177 3.20571345487 6.89649902056 4.28188761992 -1.48523430119
181.981981981982 4.41265304035 4.74990639838 3.96443099462 -1.59045426671
182.18218218218217 4.95546393186 0.403075543113 3.67640753809 -1.22912089202
182.3823823823824 4.55223673621 -4.2533474609 3.48171670079 -0.731869418572
182.58258258258257 3.38560370034 -7.00331812597 3.36432618321 -0.508830078226
182.7827827827828 1.89151149653 -7.63391935082 3.24640412799 -0.760100144461
182.98298298298297 0.419142261965 -6.89429357675 3.01656528626 -1.66192101441
183.1831831831832 -0.806435153411 -5.21836397522 2.52937958132 -3.31707842426
183.38338338338338 -1.63567198738 -3.03897559826 1.66396474996 -5.32220779396
183.5835835835836 -2.03890819949 -1.08310799839 0.427525202264 -6.9075725974
183.78378378378378 -2.11679076622 0.180716721147 -1.04725814724 -7.69466707223
183.983983983984 -2.01346678424 0.738594385305 -2.60751475737 -7.78836386219
184.18418418418418 -1.87079494083 0.539094994615 -4.1205194848 -7.19004226323
184.3843843843844 -1.86827626022 -0.706763457615 -5.41858780496 -5.58528290798
184.58458458458458 -2.217852846 -2.86687231808 -6.28823995595 -2.99278148305
184.7847847847848 -2.99547864632 -4.7065419902 -6.61451283797 -0.363591343649
184.98498498498498 -3.97803943746 -4.72054129277 -6.49616439139 1.37207018747
185.1851851851852 -4.7251547737 -2.3803268851 -6.12453103822 2.22910421904
185.38538538538538 -4.83250450229 1.39478258085 -5.63366620419 2.63144147556
185.5855855855856 -4.20198135978 4.67067638743 -5.07783283279 2.92665110359
185.78578578578578 -3.08130927016 6.2206091544 -4.45269916266 3.35502763005
185.985985985986 -1.8136848124 6.250282956 -3.71678016087 4.04376301984
186.18618618618618 -0.630825598499 5.49077871603 -2.81710357548 4.97336564327
186.3863863863864 0.370628576329 4.50942344918 -1.72117100585 5.96487827486
186.58658658658658 1.18049505547 3.60671618665 -0.440540309104 6.78348737847
186.7867867867868 1.82580764444 2.86530237366 0.973310008274 7.28215405637
186.98698698698698 2.33594551163 2.24731660468 2.45133569737 7.42301725417
187.1871871871872 2.73238950441 1.73516318203 3.92006697108 7.17966642437
187.38738738738738 3.04432400319 1.42993514729 5.29330126642 6.44252633201
187.5875875875876 3.32948961355 1.4848499708 6.45563133938 5.05128734187
187.78778778778778 3.65860725981 1.81780268886 7.27212884138 3.01950004193
187.987987987988 4.0407633033 1.8979559166 7.64677433684 0.725061613038
188.18818818818818 4.3595843152 1.1179435794 7.57911240729 -1.33140406512
188.3883883883884 4.42928822641 -0.521238630546 7.14482264309 -2.93174792006
188.58858858858858 4.13920794248 -2.33497452913 6.43103789644 -4.14688459831
188.7887887887888 3.53184378828 -3.60747904714 5.50108531119 -5.10944426258
188.98898898898898 2.74529069148 -4.13862691438 4.39740061885 -5.88693419304
189.1891891891892 1.90840212953 -4.16747816592 3.15630531784 -6.47864834344
189.38938938938938 1.08777568344 -4.02500533773 1.81735640967 -6.86094155819
189.5895895895896 0.292988564293 -3.93500401567 0.424063980645 -7.02064249734
189.78978978978978 -0.497762568077 -3.9908116201 -0.978748236685 -6.95614500093
189.98998998999 -1.31382877147 -4.17585487979 -2.3463182854 -6.66925562426
190.19019019019018 -2.16929488343 -4.34811803769 -3.63501406294 -6.17178187263
190.3903903903904 -3.03437184058 -4.21029180135 -4.80556272204 -5.49559700688
190.59059059059058 -3.80890521083 -3.38735310467 -5.82582556132 -4.67340530978
190.7907907907908 -4.33403689687 -1.7381007284 -6.66603764086 -3.68665910261
190.99099099099098 -4.47914759909 0.27799374284 -7.28377198186 -2.42474496579
191.1911911911912 -4.25931714775 1.75845342218 -7.60713914011 -0.720548123076
191.39139139139138 -3.85042532895 2.14316873053 -7.53948203258 1.46069832637
191.5915915915916 -3.45496285986 1.73933049859 -7.01254445571 3.77810041562
191.79179179179178 -3.15455133124 1.3131071084 -6.05607746646 5.6672555501
191.991991991992 -2.89951674331 1.312974859 -4.79235383912 6.83691393874
192.19219219219218 -2.60277649545 1.69942883146 -3.36098790604 7.37303787466
192.3923923923924 -2.20572449241 2.29051507185 -1.87068613863 7.44790057015
192.59259259259258 -1.67720199799 3.01211400601 -0.404496464661 7.13601609848
192.7927927927928 -0.989053174767 3.89156673597 0.961537535519 6.4514860018
192.99299299299298 -0.108673009798 4.92017354175 2.15903613121 5.47787760226
193.1931931931932 0.979888379667 5.92477584163 3.15003513219 4.43307989463
193.39339339339338 2.23587719451 6.50453594506 3.94637339245 3.56802703672
193.5935935935936 3.51223419751 5.99978168261 4.59914632844 3.00361556339
193.79379379379378 4.51854823633 3.7331876939 5.16596161167 2.68906457337
193.993993993994 4.90213475818 -0.0433852014437 5.68090315706 2.44684721334
194.19419419419418 4.51577468529 -3.60168783428 6.13211794781 1.99814608667
194.3943943943944 3.59531438947 -5.1864702088 6.44168168665 0.957039868429
194.59459459459458 2.59964871082 -4.40923524221 6.44789563718 -1.07205448274
194.7947947947948 1.92722280341 -2.20111083423 5.96083364788 -3.83509816952
194.99499499499498 1.70538563852 -0.158307234053 4.93948861166 -6.21016274889
195.1951951951952 1.78880949474 0.80115337849 3.55043486851 -7.48148493682
195.39539539539538 1.96118799468 0.787640639418 2.0048069926 -7.83867911844
195.5955955955956 2.05615012173 0.0411140985891 0.455224350263 -7.52963748452
195.79579579579578 1.92566573039 -1.47953842628 -0.958095605756 -6.44425843742
195.995995995996 1.41807088474 -3.66048303041 -2.07067668414 -4.57018428398
196.19619619619618 0.460598904414 -5.83135182039 -2.77548601059 -2.51585469663
196.3963963963964 -0.867019598056 -7.2746484804 -3.11929983563 -1.05523765819
196.59659659659658 -2.38072313836 -7.63823860318 -3.25199130215 -0.389720329201
196.7967967967968 -3.81820322511 -6.38191385739 -3.31535711831 -0.328443544378
196.99699699699698 -4.78027598394 -2.85021023144 -3.41360911312 -0.714369927864
197.1971971971972 -4.86371937813 2.04177831898 -3.61380650241 -1.27640972163
197.39739739739738 -4.04303511929 5.79225691041 -3.9057319886 -1.56550893785
197.5975975975976 -2.70684882126 7.16999812417 -4.20458368799 -1.31119680551
197.79779779779778 -1.30733660997 6.51548752459 -4.3737980068 -0.198516727831
197.997997997998 -0.201383070861 4.32850605781 -4.20475887151 2.065810426
198.19819819819818 0.383487637442 1.53073793192 -3.50982524243 4.85208090313
198.3983983983984 0.461844816247 -0.55220474916 -2.31420758701 6.89515718547
198.59859859859858 0.242218036275 -1.4679778404 -0.828191964591 7.77972265606
198.7987987987988 -0.0695080052659 -1.52415925989 0.746011396338 7.82882104318
198.99899899899899 -0.314340395476 -0.75801357191 2.25436792291 7.07944691675
199.1991991991992 -0.294949245797 1.15573850809 3.50337864704 5.19393256282
199.39939939939939 0.208568826078 3.92634046753 4.27249026639 2.43070172219
199.5995995995996 1.24740046607 6.26617073899 4.50143880039 0.0184193862106
199.79979979979979 2.61682231671 7.11868734382 4.35877544481 -1.25337438496
200.0 3.96318055885 5.94922529596 4.06068036707 -1.60877203195
