0.0 -0.5 0.5 3.001 5.9
0.02002002002002002 -0.487778462812 0.722846887134 3.11695045606 5.68151410161
0.04004004004004004 -0.47098259328 0.956870912206 3.22841245633 5.45170067995
0.06006006006006006 -0.449395690057 1.20133999663 3.33516583535 5.21124629632
0.08008008008008008 -0.422817134205 1.45536827049 3.43700560376 4.96099159287
0.1001001001001001 -0.391065839181 1.71791906873 3.53374539175 4.70192903498
0.12012012012012012 -0.353982610407 1.98782085946 3.62521986776 4.43518758423
0.14014014014014015 -0.311433085189 2.26377850093 3.71128769575 4.16202186066
0.16016016016016016 -0.263309821304 2.54439126633 3.79183366908 3.88379422639
0.18018018018018017 -0.209534318775 2.8281738523 3.86677077513 3.6019536024
0.2002002002002002 -0.150058628338 3.11358196258 3.93604184206 3.31800916793
0.22022022022022023 -0.0848659830214 3.39903466128 3.99962017741 3.03350678195
0.24024024024024024 -0.0139714003554 3.68294063623 4.0575101565 2.75000093063
0.2602602602602603 0.0625782955091 3.96372364198 4.10974719044 2.46902688787
0.2802802802802803 0.144705153501 4.23984620082 4.15639692392 2.19207379086
0.3003003003003003 0.232300952844 4.5098312701 4.19755420386 1.92055938815
0.3203203203203203 0.325228686032 4.77228092758 4.23334132993 1.65580692746
0.34034034034034033 0.423324275328 5.02589147044 4.26390598286 1.39902520394
0.36036036036036034 0.526398582216 5.26946451645 4.28941875818 1.15129213793
0.38038038038038036 0.63423959488 5.50191347777 4.31007040285 0.913542650086
0.4004004004004004 0.746614678156 5.72226702907 4.32606891002 0.686559423282
0.42042042042042044 0.86327287982 5.92966638184 4.33763638747 0.470969773737
0.44044044044044045 0.98394721023 6.12335888247 4.34500584623 0.267246230684
0.46046046046046046 1.10835653821 6.30269065598 4.34841831988 0.0757087519472
0.4804804804804805 1.23620754747 6.46709364242 4.34811975817 -0.103467283467
0.5005005005005005 1.36719627494 6.61607188622 4.34435827993 -0.27024146479
0.5205205205205206 1.50100944326 6.7491851055 4.33738152903 -0.424695393371
0.5405405405405406 1.63732536577 6.86603280579 4.32743443234 -0.567018972512
0.5605605605605606 1.77581460442 6.96623743959 4.31475715082 -0.697494774333
0.5805805805805806 1.91614025723 7.04942850717 4.29958339609 -0.816481945975
0.6006006006006006 2.05795795046 7.11522785775 4.28213906024 -0.924399870044
0.6206206206206206 2.2009155554 7.1632368432 4.26264116979 -1.0217120829
0.6406406406406406 2.34465267525 7.19302595761 4.24129715686 -1.10891093674
0.6606606606606606 2.48879994108 7.20412712605 4.21830442856 -1.18650312524
0.6806806806806807 2.63297813237 7.19602869956 4.19385022973 -1.2549961155
0.7007007007007007 2.77679741787 7.16817594364 4.16811171114 -1.31488760953
0.7207207207207207 2.91985639692 7.1199730545 4.14125627101 -1.36665503067
0.7407407407407407 3.06174141208 7.05078978133 4.11344199482 -1.41074736774
0.7607607607607607 3.20202593307 6.95997284427 4.08481832334 -1.44757963363
0.7807807807807807 3.34027021579 6.84685980429 4.05552676992 -1.47752814012
0.8008008008008008 3.47602132362 6.71079815776 4.02570171836 -1.50092897139
0.8208208208208209 3.60881353969 6.55116696086 3.99547122631 -1.51807761093
0.8408408408408409 3.73816923118 6.36740195964 3.96495783151 -1.52923087164
0.8608608608608609 3.86360027686 6.15902338314 3.93427928542 -1.53461052298
0.8808808808808809 3.98461002196 5.92566505752 3.90354921309 -1.53440840074
0.9009009009009009 4.10069590106 5.667105374 3.87287763737 -1.5287931776
0.9209209209209209 4.21135257618 5.38329724286 3.84237138192 -1.51791793613
0.9409409409409409 4.316075797 5.07439815593 3.81213428122 -1.50192894582
0.960960960960961 4.41436662125 4.74079631464 3.78226726815 -1.48097430403
0.980980980980981 4.50573658981 4.38313631856 3.75286815974 -1.45521379667
1.001001001001001 4.58971292146 4.0023375023 3.72403137621 -1.4248273855
1.021021021021021 4.66584379318 3.59960442055 3.69584755352 -1.39002222023
1.0410410410410411 4.73370465077 3.17643369404 3.66840276131 -1.35104006482
1.0610610610610611 4.79290381635 2.73461543319 3.6417778647 -1.3081631704
1.0810810810810811 4.84308818034 2.27621882792 3.61604767216 -1.26171653931
1.1011011011011012 4.88394860108 1.80357090294 3.591280051 -1.21206859251
1.1211211211211212 4.91522515382 1.31923688609 3.56753501403 -1.15963256028
1.1411411411411412 4.93671131451 0.825981128885 3.54486389975 -1.10486229759
1.1611611611611612 4.94825742897 0.32671975065 3.52330860641 -1.04824575493
1.1811811811811812 4.94977329918 -0.175526097175 3.50290098203 -0.990298350418
1.2012012012012012 4.94122998792 -0.677677639626 3.48366232627 -0.93155625331
1.2212212212212212 4.92266023267 -1.17665819468 3.4656030927 -0.872565346949
1.2412412412412412 4.89415788921 -1.66944715349 3.4487227896 -0.813871603169
1.2612612612612613 4.85587628057 -2.15313325085 3.43301007642 -0.756011171357
1.2812812812812813 4.80802550157 -2.62496435057 3.4184430562 -0.699500945157
1.3013013013013013 4.75086875939 -3.08239167834 3.40498975096 -0.644830175002
1.3213213213213213 4.68471795014 -3.52310780612 3.39260872117 -0.592453366482
1.3413413413413413 4.60992857369 -3.94507695988 3.38124980644 -0.542784843802
1.3613613613613613 4.52689380438 -4.34655482721 3.37085501886 -0.496195588042
1.3813813813813813 4.43603882126 -4.72610258388 3.36135936901 -0.453011464191
1.4014014014014013 4.33781448513 -5.08259052491 3.35269179857 -0.41351367328
1.4214214214214214 4.2326911969 -5.41519416072 3.34477605245 -0.377940899296
1.4414414414414414 4.12115291911 -5.72338270782 3.33753148811 -0.346493050708
1.4614614614614614 4.0036914422 -6.00690151048 3.33087380859 -0.319336216468
1.4814814814814814 3.88080106526 -6.26574899301 3.32471568404 -0.296608661415
1.5015015015015014 3.75297380875 -6.50014981582 3.31896723982 -0.278427395593
1.5215215215215214 3.62069518513 -6.71052553115 3.313536413 -0.264894971588
1.5415415415415414 3.4844405495 -6.89746318951 3.30832917616 -0.256106397137
1.5615615615615615 3.34467211082 -7.06168369433 3.30324961965 -0.2521556811
1.5815815815815817 3.20183656834 -7.20401099388 3.2981999119 -0.253141745496
1.6016016016016017 3.05636333901 -7.32534214434 3.29308014927 -0.259173708799
1.6216216216216217 2.90866339684 -7.42661898674 3.28778809596 -0.270375345347
1.6416416416416417 2.75912860541 -7.50880386251 3.28221887354 -0.286888150002
1.6616616616616617 2.60813156949 -7.57285667163 3.27626456802 -0.308873673526
1.6816816816816818 2.45602584771 -7.61971522551 3.26981382327 -0.336514690546
1.7017017017017018 2.3031465843 -7.65027926373 3.26275141048 -0.370015094555
1.7217217217217218 2.14981141282 -7.665397671 3.25495781416 -0.409598675631
1.7417417417417418 1.99632155498 -7.66585843508 3.2463088594 -0.45550691928
1.7617617617617618 1.84296312484 -7.65238228231 3.23667538717 -0.507995595703
1.7817817817817818 1.69000851803 -7.62561875775 3.22592300892 -0.56733048319
1.8018018018018018 1.53771784989 -7.58614523163 3.2139119577 -0.63378214374
1.8218218218218218 1.38634038472 -7.5344683702 3.2004970535 -0.70761988055
1.8418418418418419 1.23611592739 -7.47102783335 3.18552779086 -0.789105007239
1.8618618618618619 1.08727611031 -7.39620204557 3.16884857116 -0.878483506013
1.8818818818818819 0.940045542979 -7.31031571274 3.15029908891 -0.975978208151
1.901901901901902 0.794642750604 -7.21364903558 3.12971489771 -1.08178051692
1.921921921921922 0.651281093064 -7.10644739962 3.10692806367 -1.19604252011
1.941941941941942 0.510169193142 -6.98893298135 3.0817681126 -1.31886828527
1.961961961961962 0.371511407804 -6.8613161507 3.05406300662 -1.45030620039
1.981981981981982 0.235507906865 -6.72380750657 3.02364036054 -1.59034130826
2.002002002002002 0.102354478323 -6.57662995557 2.99032881696 -1.73888821402
2.022022022022022 -0.0277576630624 -6.42002987079 2.95395941521 -1.89578560645
2.042042042042042 -0.15464268492 -6.25428831782 2.91436730777 -2.06079083813
2.062062062062062 -0.278120705019 -6.079730485 2.87139327671 -2.23357685229
2.0820820820820822 -0.398018924851 -5.89673420301 2.82488555637 -2.41373008865
2.1021021021021022 -0.514172699523 -5.70573674145 2.77470153346 -2.60075019371
2.1221221221221223 -0.626426708847 -5.50723956241 2.72070942246 -2.79405175992
2.1421421421421423 -0.73463644788 -5.30181095824 2.66279005275 -2.9929680569
2.1621621621621623 -0.838669350982 -5.09008720591 2.60083830208 -3.19675587653
2.1821821821821823 -0.938406337335 -4.87276982538 2.53476467226 -3.40460402116
2.2022022022022023 -1.03374296688 -4.65062271536 2.46449650759 -3.61564139921
2.2222222222222223 -1.1245906492 -4.42446529648 2.38997908246 -3.82894850739
2.2422422422422423 -1.21087772417 -4.19516403681 2.31117647838 -4.0435699678
2.2622622622622623 -1.29255024881 -3.96362417722 2.22807216876 -4.25852629287
2.2822822822822824 -1.36957267216 -3.73077584193 2.14066930102 -4.47283015127
2.3023023023023024 -1.44192827615 -3.49756440688 2.04899083672 -4.68549837846
2.3223223223223224 -1.50961923989 -3.26493538163 1.95307917821 -4.89556790162
2.3423423423423424 -1.57266659979 -3.03382200569 1.8529957238 -5.10210895483
2.3623623623623624 -1.6311098751 -2.80513273394 1.74882008422 -5.30423758779
2.3823823823823824 -1.68500630741 -2.57973752302 1.640648893 -5.50112831202
2.4024024024024024 -1.73443023841 -2.35845788956 1.52859479503 -5.69202357906
2.4224224224224224 -1.77947172951 -2.14205608262 1.41278470913 -5.87624235245
2.4424424424424425 -1.82023553736 -1.93122667521 1.2933584476 -6.05318713599
2.4624624624624625 -1.85683957197 -1.72659047384 1.17046690125 -6.22234775722
2.4824824824824825 -1.88941333317 -1.52868972453 1.04427022622 -6.38330381047
2.5025025025025025 -1.91809646834 -1.33798472998 0.914936169721 -6.53572594556
2.5225225225225225 -1.94303691822 -1.15485507898 0.782638115404 -6.67937209477
2.5425425425425425 -1.96438946569 -0.979598666926 0.647553462979 -6.81408628164
2.5625625625625625 -1.98231411029 -0.812435313493 0.509861952622 -6.93979286679
2.5825825825825826 -1.99697443826 -0.653512453986 0.369744041001 -7.05648879459
2.6026026026026026 -2.008536325 -0.502909983581 0.227379590408 -7.16423702326
2.6226226226226226 -2.01716664614 -0.360647297033 0.0829466271439 -7.26315787768
2.6426426426426426 -2.02303211434 -0.226691428764 -0.0633797367915 -7.35341954231
2.6626626626626626 -2.02629831962 -0.10096553521 -0.211428163143 -7.4352284092
2.6826826826826826 -2.02712896168 0.0166423091561 -0.361031733394 -7.50881934675
2.7027027027027026 -2.02568521915 0.126270050307 -0.512028439211 -7.57444589176
2.7227227227227226 -2.02212532563 0.228072638593 -0.664261453964 -7.6323706697
2.7427427427427427 -2.01660431398 0.322213004061 -0.817579222909 -7.68285596367
2.7627627627627627 -2.00927394858 0.408853754626 -0.971835364322 -7.72615516707
2.7827827827827827 -2.00028280767 0.488149051424 -1.12688841293 -7.76250452034
2.8028028028028027 -1.98977653049 0.560237194155 -1.28260139824 -7.79211566775
2.8228228228228227 -1.97789820377 0.625233851643 -1.43884128356 -7.81516894101
2.8428428428428427 -1.96478887589 0.683226032335 -1.59547827908 -7.83180744857
2.8628628628628627 -1.9505881798 0.734266884247 -1.7523850495 -7.8421320364
2.8828828828828827 -1.93543505386 0.778371330349 -1.90943582689 -7.8461971244
2.9029029029029028 -1.91946858868 0.815512454985 -2.06650539942 -7.84400735712
2.9229229229229228 -1.90282879399 0.845619308202 -2.22346819279 -7.8355155576
2.942942942942943 -1.88565762586 0.868575009723 -2.38019708514 -7.82062116679
2.962962962962963 -1.86809976837 0.884216632356 -2.53656248128 -7.79917027181
2.982982982982983 -1.85030369993 0.89233545092 -2.69243110114 -7.77095615428
3.003003003003003 -1.83242244791 0.892679013937 -2.84766508675 -7.73572151448
3.023023023023023 -1.8146145803 0.884953750098 -3.00212087637 -7.69316131231
3.043043043043043 -1.79704485134 0.868829421403 -3.15564842647 -7.64292736158
3.063063063063063 -1.77988501421 0.8439442909 -3.30809027284 -7.58463366531
3.083083083083083 -1.76331426578 0.809912078588 -3.45928095852 -7.51786347168
3.103103103103103 -1.74751976639 0.766329875893 -3.60904639272 -7.44217728729
3.123123123123123 -1.73269679171 0.712787568506 -3.75720357506 -7.35712233621
3.1431431431431434 -1.7190488422 0.648878522629 -3.90356036653 -7.262243264
3.1631631631631634 -1.70678744349 0.57421131321 -4.04791556686 -7.15709381839
3.1831831831831834 -1.69613162605 0.488422733255 -4.19005930994 -7.04124974878
3.2032032032032034 -1.68730733059 0.391191427709 -4.32977353412 -6.91432229187
3.2232232232232234 -1.68054642951 0.282252574103 -4.46683283208 -6.77597262209
3.2432432432432434 -1.67608536186 0.161412460955 -4.60100567809 -6.62592608014
3.2632632632632634 -1.67416362441 0.028563559414 -4.7320557962 -6.46398684215
3.2832832832832834 -1.6750218826 -0.116300963187 -4.85974389671 -6.29005189767
3.3033033033033035 -1.6788998145 -0.273073677923 -4.98382966681 -6.10412394846
3.3233233233233235 -1.68603369915 -0.441520450453 -5.1040740035 -5.90632305438
3.3433433433433435 -1.69665376779 -0.621269555583 -5.22024146692 -5.69689656719
3.3633633633633635 -1.71098135922 -0.81180327046 -5.33210290701 -5.47622640925
3.3833833833833835 -1.72922593573 -1.01245194818 -5.43943820653 -5.24483369742
3.4034034034034035 -1.75158201506 -1.22239100951 -5.54203908076 -5.00338026287
3.4234234234234235 -1.77822603651 -1.44064169848 -5.63971190735 -4.75266617339
3.4434434434434436 -1.80931334384 -1.66607477187 -5.7322804071 -4.4936241642
3.4634634634634636 -1.84497522454 -1.89741794042 -5.8195882272 -4.22731010197
3.4834834834834836 -1.88531614584 -2.13326668673 -5.90150128486 -3.95488989322
3.5035035035035036 -1.93041125097 -2.37209839087 -5.97790980172 -3.67762291401
3.5235235235235236 -1.98030415938 -2.61228912839 -6.04872998511 -3.39684266213
3.5435435435435436 -2.03500512399 -2.85213292194 -6.11390530013 -3.11393487111
3.5635635635635636 -2.0944895849 -3.08986269193 -6.17340729372 -2.83031391296
3.5835835835835836 -2.1586971957 -3.32367195434 -6.22723589066 -2.54739857313
3.6036036036036037 -2.22753122145 -3.55173737496 -6.27541927312 -2.26658707797
3.6236236236236237 -2.30085844182 -3.77224054535 -6.31801320566 -1.98923325388
3.6436436436436437 -2.37850945683 -3.98338894815 -6.35509992199 -1.71662389424
3.6636636636636637 -2.46027940635 -4.18343523307 -6.38678656989 -1.44995840673
3.6836836836836837 -2.54592909301 -4.3706941958 -6.41320323849 -1.19033158139
3.7037037037037037 -2.63518619996 -4.54355890385 -6.43450089593 -0.938717559615
3.7237237237237237 -2.72774724163 -4.70051149786 -6.4508485991 -0.695961185886
3.7437437437437437 -2.82327924237 -4.84013456713 -6.46243103191 -0.462768848709
3.7637637637637638 -2.92142201443 -4.96111689163 -6.46944551983 -0.23970749806
3.7837837837837838 -3.02179015767 -5.06226050509 -6.47209939991 -0.0272023305345
3.803803803803804 -3.12397548832 -5.14248302584 -6.47060710842 0.174457794701
3.823823823823824 -3.22754931295 -5.20082048782 -6.46518756055 0.365114933783
3.843843843843844 -3.3320648406 -5.23642839202 -6.45606159263 0.544732690978
3.863863863863864 -3.43705957483 -5.24858263998 -6.443449645 0.713385336872
3.883883883883884 -3.54205773616 -5.23668044807 -6.42756966495 0.871245409032
3.903903903903904 -3.64657270599 -5.20024179108 -6.40863529976 1.01857038415
3.923923923923924 -3.75010949441 -5.13891130759 -6.38685425451 1.15568913344
3.943943943943944 -3.8521672801 -5.05246163962 -6.36242709028 1.28298826848
3.963963963963964 -3.95224198554 -4.94079713342 -6.33554609985 1.40089888974
3.983983983983984 -4.04982899864 -4.80395950126 -6.30639467314 1.50988453812
4.004004004004004 -4.14442596492 -4.64213342302 -6.2751466677 1.61043012962
4.024024024024024 -4.23553568565 -4.45565307606 -6.24196606652 1.70303177612
4.044044044044044 -4.32266924151 -4.24500920602 -6.20700693224 1.78818910566
4.064064064064064 -4.40534914142 -4.01085514609 -6.17041332181 1.86639797514
4.084084084084084 -4.48311263528 -3.75401282784 -6.13231943744 1.93814504952
4.104104104104104 -4.55551518534 -3.47547650048 -6.09284989174 2.0039045875
4.124124124124124 -4.62213383698 -3.17641607313 -6.05211989217 2.06413439416
4.1441441441441444 -4.68257088086 -2.85817502491 -6.01023571617 2.11927646497
4.1641641641641645 -4.73645725671 -2.52226870811 -5.96729501049 2.16975551413
4.1841841841841845 -4.78345582215 -2.17037653244 -5.92338698177 2.21597843429
4.2042042042042045 -4.82326464698 -1.80433210933 -5.87859290484 2.25833625941
4.2242242242242245 -4.85561995791 -1.42610866393 -5.83298637031 2.29720494812
4.2442442442442445 -4.88029868119 -1.037801199 -5.78663358097 2.33294684694
4.2642642642642645 -4.89712080578 -0.64160476072 -5.73959360712 2.36591238678
4.2842842842842845 -4.90595096635 -0.239790154091 -5.69191861526 2.39644102541
4.3043043043043046 -4.90669993503 0.165324339513 -5.64365407138 2.42486292686
4.324324324324325 -4.89932496139 0.571400453394 -5.59483892181 2.45149919353
4.344344344344345 -4.88383014983 0.976111625702 -5.54550576944 2.47666305863
4.364364364364365 -4.8602657863 1.37717293551 -5.49568102036 2.50065991987
4.384384384384385 -4.82872724043 1.77237108987 -5.44538504579 2.52378744629
4.404404404404405 -4.78935323552 2.15959281732 -5.39463233579 2.54633541846
4.424424424424425 -4.74232358277 2.53685092729 -5.34343166058 2.56858537946
4.444444444444445 -4.68785642267 2.90230732562 -5.29178624019 2.59081020658
4.464464464464465 -4.6262050298 3.25429257954 -5.23969392225 2.61327362178
4.484484484484485 -4.55765425825 3.59132113794 -5.18714737081 2.63622972509
4.504504504504505 -4.4825168131 3.91210347133 -5.13413426129 2.65992257477
4.524524524524525 -4.40112917154 4.2155517169 -5.08063748755 2.68458586336
4.544544544544545 -4.31384754764 4.50078281501 -5.02663537045 2.71044267122
4.564564564564565 -4.22104379132 4.7671175328 -4.9721018718 2.73770531247
4.584584584584585 -4.12310134472 5.01407427323 -4.91700681183 2.76657530834
4.604604604604605 -4.02041139443 5.24136103296 -4.86131608418 2.79724338198
4.624624624624625 -3.9133691826 5.44886426735 -4.80499187186 2.82988949225
4.644644644644645 -3.80237048818 5.63663564469 -4.74799286248 2.86468289185
4.664664664664665 -3.68780849759 5.80487794026 -4.69027446274 2.90178208617
4.684684684684685 -3.57007110279 5.95392382073 -4.63178901323 2.94133488779
4.704704704704705 -3.44953826766 6.08422436894 -4.57248600581 2.98347814754
4.724724724724725 -3.32657993815 6.19633044936 -4.51231230117 3.02833753842
4.744744744744745 -3.20155415348 6.29087601275 -4.45121236178 3.07602716177
4.764764764764765 -3.0748055421 6.36856173007 -4.38912848244 3.12664904483
4.784784784784785 -2.9466641658 6.43014063124 -4.3260010458 3.18029245062
4.804804804804805 -2.81744464478 6.4764034342 -4.26176877666 3.23703310929
4.824824824824825 -2.68744544513 6.50816672794 -4.19636903081 3.29693244081
4.844844844844845 -2.55694857372 6.52626099744 -4.12973808214 3.36003657414
4.864864864864865 -2.42621929341 6.53152168694 -4.06181144466 3.42637544255
4.884884884884885 -2.29550620583 6.52478033462 -3.99252420066 3.495961766
4.904904904904905 -2.16504123667 6.50685788739 -3.92181136168 3.56879029464
4.924924924924925 -2.03504031262 6.47855882839 -3.84960822767 3.64483649678
4.944944944944945 -1.90570329046 6.44066667034 -3.77585078237 3.72405633512
4.964964964964965 -1.77721444923 6.39394088948 -3.70047610131 3.80638559071
4.984984984984985 -1.64974345444 6.33911493225 -3.62342276455 3.89173886392
5.005005005005005 -1.52344521472 6.27689253205 -3.54463123894 3.98001028502
5.025025025025025 -1.39846104183 6.20794917348 -3.4640443494 4.07107266659
5.045045045045045 -1.27491906045 6.13293062484 -3.3816076729 4.16477800024
5.065065065065065 -1.15293455877 6.05245164054 -3.29726992275 4.26095830292
5.085085085085085 -1.03261103422 5.96709939976 -3.2109834342 4.35942567527
5.105105105105105 -0.914040381743 5.87743067768 -3.12270442974 4.45997387862
5.125125125125125 -0.797303655945 5.78397458497 -3.03239346031 4.56237934407
5.145145145145145 -0.682471661046 5.68723363444 -2.94001574607 4.66640259752
5.165165165165165 -0.569605316058 5.58768229308 -2.84554137319 4.77179009918
5.185185185185185 -0.45875635837 5.48577051137 -2.74894570943 4.87827611392
5.205205205205205 -0.349967749024 5.3819226501 -2.65020947953 4.98558486171
5.225225225225225 -0.243274206466 5.27653838413 -2.54931904904 5.09343237103
5.245245245245245 -0.138702678305 5.16999415341 -2.4462665491 5.20152951532
5.265265265265265 -0.0362728209495 5.06264234103 -2.34104989032 5.30958357248
5.285285285285285 0.0640025360316 4.95481220355 -2.23367285118 5.41730102605
5.305305305305305 0.162116920521 4.84681050796 -2.12414511644 5.52439010035
5.325325325325325 0.258069778819 4.73892125207 -2.01248215034 5.63056283223
5.345345345345345 0.35186601848 4.63140599327 -1.89870513629 5.73553740161
5.365365365365365 0.44351555878 4.52450402426 -1.78284081289 5.83904027002
5.385385385385385 0.533032888826 4.41843253786 -1.66492129552 5.94080808936
5.405405405405405 0.620436624794 4.3133868113 -1.54498386362 6.04058954837
5.425425425425425 0.705749078981 4.20954047268 -1.42307068458 6.13814680093
5.445445445445445 0.788995816636 4.10704581836 -1.29922854659 6.23325694137
5.465465465465465 0.870205248668 4.00603425637 -1.17350853422 6.32571289244
5.485485485485485 0.949408215356 3.90661679862 -1.04596572169 6.41532435377
5.505505505505505 1.02663757728 3.80888472249 -0.916658816801 6.50191833069
5.525525525525525 1.10192780554 3.71291041336 -0.785649789029 6.58533940963
5.545545545545545 1.17531459568 3.61874835703 -0.653003495622 6.6654497264
5.565565565565565 1.24683479418 3.52643521921 -0.518787623083 6.74212911731
5.585585585585585 1.31652575671 3.43599226867 -0.383071999364 6.81527397987
5.605605605605605 1.38442487698 3.3474264067 -0.245928158516 6.88479749552
5.625625625625625 1.45056951819 3.26073114052 -0.107429212384 6.9506286844
5.645645645645645 1.51499714928 3.17588824486 0.0323501853691 7.01270989566
5.665665665665665 1.57774449321 3.09286905925 0.17333457411 7.070997889
5.685685685685685 1.63884778067 3.01163683436 0.315447615979 7.12546045225
5.7057057057057055 1.69834230531 2.93214773052 0.458612536224 7.17607644017
5.7257257257257255 1.75626249406 2.85435299041 0.602752176349 7.22283348493
5.7457457457457455 1.81264178712 2.77820071805 0.747789193517 7.26572641514
5.7657657657657655 1.86751246364 2.70363739958 0.893646287033 7.30475611147
5.7857857857857855 1.92090589333 2.63061008201 1.04024607396 7.33992706203
5.8058058058058055 1.97285221656 2.55906787425 1.18751145837 7.37124636673
5.8258258258258255 2.02338072219 2.48896378482 1.33536537306 7.39872163166
5.8458458458458455 2.07251978248 2.42025649626 1.48373092573 7.42235936482
5.865865865865866 2.12029702997 2.35291183617 1.63253131038 7.44216348401
5.885885885885886 2.16673944596 2.28690451248 1.78168981086 7.45813361217
5.905905905905906 2.21187364651 2.22221939724 1.9311296076 7.47026366232
5.925925925925926 2.25572604235 2.15885307263 2.08077370839 7.47854026981
5.945945945945946 2.29832311071 2.09681487499 2.23054475921 7.4829416041
5.965965965965966 2.33969164938 2.03612814397 2.38036487873 7.48343600707
5.985985985985986 2.37985906689 1.97683105351 2.53015544714 7.47998096603
6.006006006006006 2.41885370475 1.91897741907 2.67983686407 7.47252209499
6.026026026026026 2.45670512163 1.86263737632 2.82932833736 7.46099222977
6.046046046046046 2.4934444727 1.80789749756 2.97854756699 7.44531095213
6.066066066066066 2.52910478865 1.7548612845 3.12741053361 7.42538383741
6.086086086086086 2.56372135677 1.70364862655 3.27583116094 7.40110251006
6.106106106106106 2.59733202525 1.65439647879 3.42372108621 7.37234373576
6.126126126126126 2.62997750353 1.60725697372 3.5709893569 7.33897060587
6.146146146146146 2.66170175585 1.56239686342 3.71754208092 7.3008326021
6.166166166166166 2.69255226758 1.51999643119 3.86328217939 7.25776614514
6.186186186186186 2.72258011006 1.48024825969 4.00810932247 7.20959534138
6.206206206206206 2.7518404368 1.44335482641 4.15191942843 7.15613351512
6.226226226226226 2.78039247733 1.40952627167 4.29460463783 7.09718485057
6.246246246246246 2.80829971808 1.37897781208 4.43605310159 7.0325462162
6.266266266266267 2.83563006393 1.35192678344 4.57614877437 6.96200930459
6.286286286286287 2.86245563751 1.32858894848 4.71477152111 6.88536361204
6.306306306306307 2.88885292127 1.30917496872 4.85179691443 6.80239904995
6.326326326326327 2.91490252012 1.29388620749 4.98709636286 6.71290934554
6.346346346346347 2.94068887822 1.2829101868 5.12053727146 6.61669575242
6.366366366366367 2.9663001365 1.27641585211 5.25198306344 6.51357083169
6.386386386386387 2.99182744643 1.27454878619 5.38129368671 6.403362569
6.406406406406407 3.01736470141 1.27742604015 5.50832574459 6.28591859245
6.426426426426427 3.04300781506 1.28513035809 5.63293301029 6.16111110992
6.446446446446447 3.06885389067 1.29770625519 5.75496706698 6.0288402932
6.466466466466467 3.09500054251 1.31515371793 5.8742777634 5.88903965735
6.486486486486487 3.12154489267 1.33742384987 5.99071399702 5.74167985159
6.506506506506507 3.14858255804 1.36441417745 6.1041244801 5.5867727607
6.526526526526527 3.17620651252 1.39596475558 6.21435862445 5.4243749412
6.546546546546547 3.20450596326 1.4318541635 6.32126741191 5.25459114965
6.566566566566567 3.23356502027 1.47179742756 6.42470444817 5.07757625867
6.586586586586587 3.26346145001 1.51544318453 6.52452694235 4.8935378086
6.606606606606607 3.29426531382 1.56237373249 6.62059679419 4.70273611317
6.626626626626627 3.326037623 1.61210398722 6.71278166352 4.50548529843
6.646646646646647 3.358829046 1.66408395765 6.80095600418 4.302151381
6.666666666666667 3.3926785588 1.71769966197 6.8850021431 4.09315165842
6.686686686686687 3.4276123034 1.77227847376 6.96481119669 3.87895045102
6.706706706706707 3.4636423164 1.82709208066 7.04028408985 3.66005680628
6.726726726726727 3.50076565726 1.88136451369 7.11133225907 3.43701818103
6.746746746746747 3.53896330006 1.9342774035 7.17787854344 3.21041631331
6.766766766766767 3.57819968289 1.9849803581 7.23985756178 2.98085933141
6.786786786786787 3.61842175536 2.03259793241 7.29721648097 2.7489762924
6.806806806806807 3.65955865897 2.07623937744 7.34991530183 2.51541004484
6.826826826826827 3.70152201607 2.11501217168 7.39792667823 2.28080750049
6.846846846846847 3.74420550344 2.14803447961 7.44123627779 2.04580996235
6.866866866866867 3.78748526672 2.17443957566 7.47984257503 1.81105167773
6.886886886886887 3.83122038802 2.19338757015 7.51375658696 1.57715204394
6.906906906906907 3.87525353899 2.20408530179 7.54300146959 1.34470092624
6.926926926926927 3.9194120052 2.20578936555 7.56761189911 1.11425905131
6.946946946946947 3.96350883208 2.19781696018 7.58763338375 0.886351868262
6.966966966966967 4.00734403385 2.17955833812 7.60312160368 0.6614623926
6.986986986986987 4.0507062223 2.15048329661 7.61414144899 0.440029037537
7.007007007007007 4.09337429926 2.11014894423 7.62076607953 0.222442629498
7.027027027027027 4.13511918643 2.05820692733 7.62307602091 0.00904409042237
7.047047047047047 4.17570582953 1.99440830637 7.62115810993 -0.19987622705
7.067067067067067 4.21489524413 1.91860757151 7.61510447421 -0.404078501817
7.087087087087087 4.25244656823 1.83076562862 7.60501155834 -0.603372796056
7.107107107107107 4.28811924019 1.73095112916 7.59097911895 -0.797617401895
7.127127127127127 4.32167516544 1.61934051637 7.57310927881 -0.986716590339
7.147147147147147 4.35288083587 1.49621682117 7.55150564722 -1.17061794131
7.167167167167167 4.38150943956 1.36196707078 7.52627248104 -1.34930918164
7.187187187187187 4.40734296992 1.21707837488 7.49751389349 -1.52281440905
7.207207207207207 4.43017411326 1.0621328834 7.46533318311 -1.6911906555
7.227227227227227 4.44980809386 0.897801414726 7.4298322236 -1.85452404438
7.247247247247247 4.46606442066 0.72483616775 7.39111089358 -2.01292577226
7.267267267267267 4.47877837373 0.544062395626 7.3492666326 -2.16652859247
7.287287287287287 4.48780245423 0.356369064821 7.30439403163 -2.31548280036
7.307307307307307 4.49300746088 0.16269913935 7.25658453105 -2.45995315815
7.327327327327327 4.49428359409 -0.0359615057174 7.2059261616 -2.60011511776
7.347347347347347 4.491541056 -0.238594208471 7.15250334583 -2.73615235823
7.367367367367367 4.48471069408 -0.444159400439 7.09639677665 -2.86825361574
7.387387387387387 4.47374431727 -0.65160809942 7.03768334322 -2.99661013954
7.407407407407407 4.45861470697 -0.859892719553 6.97643609395 -3.12141364831
7.4274274274274275 4.43931551272 -1.06797842612 6.91272425459 -3.24285421454
7.4474474474474475 4.41586089375 -1.27485370845 6.84661327493 -3.36111850644
7.4674674674674675 4.38828494042 -1.47954029428 6.77816491426 -3.47638828345
7.4874874874874875 4.35664090902 -1.68110259486 6.7074373565 -3.58883908906
7.5075075075075075 4.32100029792 -1.878656002 6.63448533941 -3.69863911478
7.5275275275275275 4.28145173799 -2.07137438599 6.5593603163 -3.80594828193
7.5475475475475475 4.23809975214 -2.25849654445 6.48211062971 -3.91091746845
7.5675675675675675 4.1910634209 -2.43933131088 6.4027816951 -4.01368787399
7.587587587587588 4.14047492015 -2.61326174082 6.321416203 -4.11439054336
7.607607607607608 4.08647800489 -2.77974790653 6.23805432589 -4.213146006
7.627627627627628 4.02922646231 -2.93832907266 6.15273392952 -4.31006397933
7.647647647647648 3.96888249573 -3.08862348633 6.06549079432 -4.40524329476
7.667667667667668 3.905615175 -3.23032958503 5.97635882889 -4.49877168732
7.687687687687688 3.83959881358 -3.36322225821 5.88537029846 -4.59072603239
7.707707707707708 3.77101146579 -3.48715292756 5.79255603671 -4.68117224213
7.727727727727728 3.70003344498 -3.60204441329 5.69794566554 -4.77016563101
7.747747747747748 3.62684590603 -3.7078886978 5.601567804 -4.8577510408
7.767767767767768 3.5516295096 -3.80474165887 5.50345027624 -4.94396324122
7.787787787787788 3.47456321901 -3.89271869739 5.40362030569 -5.02882729349
7.807807807807808 3.39582309346 -3.97198956848 5.30210471132 -5.11235897783
7.827827827827828 3.3155814321 -4.04277266046 5.19893007218 -5.19456538272
7.847847847847848 3.23400546462 -4.10533047934 5.09412293146 -5.2754452487
7.867867867867868 3.1512569514 -4.15996326421 4.98770991733 -5.35498977675
7.887887887887888 3.06749130277 -4.20700340283 4.87971790874 -5.43318320202
7.907907907907908 2.98285686756 -4.2468107593 4.77017417582 -5.51000336382
7.927927927927928 2.89749480249 -4.27976712253 4.65910646446 -5.58542255064
7.947947947947948 2.81153811061 -4.3062711332 4.54654316514 -5.65940800625
7.967967967967968 2.72511206089 -4.32673440709 4.43251331835 -5.73192284682
7.987987987987988 2.63833322405 -4.34157583528 4.31704679143 -5.80292660762
8.008008008008009 2.55131005981 -4.35121940946 4.20017424164 -5.87237603475
8.028028028028029 2.46414227751 -4.35608864141 4.08192725727 -5.94022575825
8.048048048048049 2.37692129708 -4.35660501524 3.96233831903 -6.00642892312
8.068068068068069 2.28973007604 -4.35318378934 3.84144087218 -6.07093789651
8.088088088088089 2.20264336971 -4.34623224507 3.71926930878 -6.13370478287
8.108108108108109 2.1157279311 -4.33614731958 3.59585896874 -6.19468202775
8.128128128128129 2.02904242954 -4.3233119509 3.47124619236 -6.25382307194
8.148148148148149 1.94263835238 -4.30809743083 3.34546815934 -6.3110824222
8.168168168168169 1.85655969712 -4.29085796583 3.21856299936 -6.36641655337
8.188188188188189 1.77084358253 -4.27193216598 3.09056967518 -6.41978387246
8.208208208208209 1.68552056959 -4.25164196236 2.96152794551 -6.47114509635
8.228228228228229 1.60061483262 -4.23029039675 2.83147836633 -6.52046376984
8.248248248248249 1.51614477945 -4.2081642918 2.70046215407 -6.56770582732
8.268268268268269 1.4321231906 -4.18553109273 2.56852120539 -6.61284039993
8.288288288288289 1.3485576801 -4.16264081488 2.43569799909 -6.6558393728
8.308308308308309 1.26545105444 -4.13972581187 2.30203554112 -6.6966775303
8.328328328328329 1.18280162943 -4.11700012315 2.16757732364 -6.73533277787
8.348348348348349 1.10060360128 -4.09466158872 2.03236724698 -6.77178549364
8.368368368368369 1.01884740214 -4.07289059799 1.89644957413 -6.80601902338
8.388388388388389 0.937519974441 -4.05185179214 1.7598688862 -6.83801904685
8.408408408408409 0.856605136346 -4.03169416846 1.6226700222 -6.86777361409
8.428428428428429 0.776083937812 -4.01255113738 1.48489802239 -6.8952731882
8.448448448448449 0.695934794888 -3.99454238251 1.34659813034 -6.92050980333
8.468468468468469 0.616133919823 -3.9777736831 1.20781571299 -6.94347727002
8.488488488488489 0.536655602692 -3.96233744769 1.06859622579 -6.9641709767
8.508508508508509 0.457472275416 -3.94831362432 0.928985252959 -6.98258736526
8.528528528528529 0.378554982984 -3.93577012535 0.789028404315 -6.99872392915
8.548548548548549 0.299873552757 -3.92476331827 0.648771322655 -7.0125789518
8.568568568568569 0.221396680364 -3.91533831784 0.508259724889 -7.02415127058
8.588588588588589 0.143092370895 -3.90752986465 0.367539303265 -7.03344004847
8.608608608608609 0.0649280199642 -3.90136225769 0.22665577267 -7.04044470833
8.62862862862863 -0.0131294274915 -3.89684949359 0.0856548863669 -7.04516483087
8.64864864864865 -0.0911131268132 -3.89399627042 -0.0554176303071 -7.04759978954
8.66866866866867 -0.169056268286 -3.89279721902 -0.196516020514 -7.04774900661
8.68868868868869 -0.246991855611 -3.8932373227 -0.337594506988 -7.0456117663
8.70870870870871 -0.324952456284 -3.89529254927 -0.478607315882 -7.04118694849
8.72872872872873 -0.402970079411 -3.89892873894 -0.619508638901 -7.03447348127
8.74874874874875 -0.481075966966 -3.90410198048 -0.760252638827 -7.02547016596
8.76876876876877 -0.559300373254 -3.91075850617 -0.900793458252 -7.01417571984
8.78878878878879 -0.637672364239 -3.91883436235 -1.04108521878 -7.00058891188
8.80880880880881 -0.716219630559 -3.92825530696 -1.18108201533 -6.98470858976
8.82882882882883 -0.794968256493 -3.93893593228 -1.32073792699 -6.96653405871
8.84884884884885 -0.873942530686 -3.95077986336 -1.460007013 -6.94606498205
8.86886886886887 -0.953164666524 -3.96367890058 -1.59884334447 -6.92330174954
8.88888888888889 -1.03265461191 -3.97751282752 -1.73720099963 -6.89824555059
8.90890890890891 -1.11242977466 -3.99214884922 -1.875034094 -6.87089860847
8.92892892892893 -1.19250476681 -4.00744106603 -2.01229680252 -6.84126440027
8.94894894894895 -1.27289115435 -4.02323011397 -2.14894337439 -6.80934780275
8.96896896896897 -1.35359720172 -4.03934276224 -2.28492818224 -6.77515525722
8.98898898898899 -1.4346274997 -4.05559121908 -2.42020573781 -6.7386950589
9.00900900900901 -1.51598275106 -4.07177315985 -2.55473074638 -6.6999773477
9.02902902902903 -1.59765949274 -4.08767123334 -2.68845812752 -6.65901431564
9.04904904904905 -1.67964969441 -4.10305292349 -2.82134307726 -6.61582028104
9.06906906906907 -1.76194064063 -4.11767052948 -2.95334108152 -6.57041171214
9.08908908908909 -1.84451439263 -4.13126101215 -3.08440799368 -6.5228073268
9.10910910910911 -1.92734762262 -4.14354640084 -3.2145000596 -6.47302798527
9.12912912912913 -2.01041134652 -4.15423386795 -3.34357395588 -6.42109669649
9.14914914914915 -2.0936704484 -4.16301667835 -3.47158685794 -6.36703839901
9.16916916916917 -2.17708364424 -4.16957450134 -3.59849644357 -6.31087988852
9.18918918918919 -2.26060280398 -4.17357553572 -3.72426098463 -6.25264932642
9.20920920920921 -2.34417374257 -4.17467413385 -3.84883923953 -6.19237678878
9.22922922922923 -2.42773475872 -4.17251743451 -3.97219063707 -6.1300927817
9.24924924924925 -2.51121688099 -4.16674412486 -4.09427524631 -6.06582851706
9.26926926926927 -2.59454437499 -4.15698321365 -4.21505370535 -5.99961621393
9.28928928928929 -2.67763351015 -4.14286550069 -4.33448733689 -5.9314866661
9.30930930930931 -2.76039328334 -4.12401721105 -4.45253807861 -5.86147061265
9.32932932932933 -2.84272529372 -4.10006930521 -4.56916844312 -5.78959694455
9.34934934934935 -2.92452375686 -4.07065365142 -4.68434153936 -5.71589345365
9.36936936936937 -3.00567570409 -4.03541560836 -4.7980209583 -5.64038461185
9.38938938938939 -3.08606094925 -3.9940078815 -4.91017082042 -5.56309267776
9.40940940940941 -3.16555286476 -3.94610505107 -5.02075556839 -5.48403536574
9.42942942942943 -3.24401804738 -3.89139678512 -5.12974006062 -5.40322694942
9.44944944944945 -3.32131770096 -3.82960390266 -5.23708927444 -5.32067592471
9.46946946946947 -3.39730699985 -3.76047075631 -5.34276844457 -5.23638612607
9.48948948948949 -3.47183696818 -3.6837811346 -5.4467427054 -5.15035464039
9.50950950950951 -3.5447544106 -3.59935648679 -5.54897711357 -5.06257207642
9.52952952952953 -3.61590314277 -3.50706259299 -5.64943644309 -4.97302182043
9.54954954954955 -3.68512466607 -3.4068128522 -5.74808507826 -4.88167969737
9.56956956956957 -3.75225914195 -3.29857315402 -5.84488685566 -4.78851344565
9.58958958958959 -3.8171469818 -3.18236718463 -5.93980482715 -4.69348224437
9.60960960960961 -3.8796291391 -3.05827696802 -6.03280121875 -4.59653667423
9.62962962962963 -3.93954933378 -2.92644941535 -6.12383710334 -4.49761814616
9.64964964964965 -3.99675446029 -2.78709550616 -6.21287235175 -4.39665904137
9.66966966966967 -4.05109660458 -2.6404950771 -6.29986534215 -4.29358233224
9.68968968968969 -4.10243380615 -2.48699500445 -6.38477286948 -4.18830186952
9.70970970970971 -4.15063231023 -2.32701247303 -6.46754983171 -4.08072220559
9.72972972972973 -4.19556719653 -2.16103169945 -6.54814915123 -3.97073901621
9.74974974974975 -4.23712363014 -1.98960226973 -6.62652161232 -3.85823940344
9.76976976976977 -4.2751985712 -1.81333742126 -6.70261563452 -3.7431022839
9.78978978978979 -4.30970186378 -1.63291035015 -6.77637713646 -3.62519892937
9.80980980980981 -4.34055734736 -1.4490489256 -6.8477493968 -3.50439381295
9.82982982982983 -4.36770399271 -1.26253066014 -6.91667291348 -3.38054537539
9.84984984984985 -4.39109672234 -1.07417577149 -6.98308530658 -3.25350717335
9.86986986986987 -4.41070732696 -0.884840179319 -7.04692120998 -3.12312898537
9.88988988988989 -4.42652504567 -0.695407672848 -7.10811222266 -2.98925826966
9.90990990990991 -4.43855685081 -0.506779313536 -7.16658690525 -2.85174207875
9.92992992992993 -4.44682796686 -0.319866645827 -7.22227075041 -2.7104284967
9.94994994994995 -4.45138186396 -0.135580693728 -7.2750862373 -2.56516885557
9.96996996996997 -4.45228017532 0.045177223537 -7.32495292313 -2.41582000248
9.98998998998999 -4.44960239869 0.221525579266 -7.37178757473 -2.26224675884
10.01001001001001 -4.44344540003 0.392612685014 -7.41550435057 -2.10432455157
10.03003003003003 -4.43392271606 0.557626018267 -7.45601504813 -1.94194231434
10.05005005005005 -4.42116367816 0.715801543411 -7.49322940087 -1.77500547543
10.07007007007007 -4.40531235856 0.86643237141 -7.52705543942 -1.60343906165
10.09009009009009 -4.38652634207 1.00887673784 -7.55739991683 -1.4271908868
10.11011011011011 -4.36497534678 1.14256529874 -7.58416879574 -1.24623476364
10.13013013013013 -4.34083970984 1.26700746719 -7.60726780144 -1.06057366209
10.15015015015015 -4.31430875982 1.38179674696 -7.62660303571 -0.870242718543
10.17017017017017 -4.2855790987 1.4866150134 -7.64208164678 -0.675312030377
10.19019019019019 -4.25485276132 1.58123582274 -7.65361256229 -0.475889345368
10.21021021021021 -4.22233534594 1.66552647748 -7.66110726459 -0.272122280755
10.23023023023023 -4.18823423663 1.73944833608 -7.66448059094 -0.0641996054797
10.25025025025025 -4.15275661843 1.80305649137 -7.66365160805 0.147647224585
10.27027027027027 -4.11610764649 1.85649855655 -7.65854442391 0.363143583924
10.29029029029029 -4.07848862251 1.90001137322 -7.6490890801 0.58197187529
10.31031031031031 -4.04009524559 1.93391699561 -7.63522240267 0.803772414321
10.33033033033033 -4.00111595427 1.95861755455 -7.61688882695 1.02814509642
10.35035035035035 -3.96173038711 1.97458907626 -7.5940411827 1.25465184364
10.37037037037037 -3.92210797135 1.9823743497 -7.56664142393 1.48281983839
10.39039039039039 -3.88240666628 1.98257501078 -7.5346612841 1.71214548451
10.41041041041041 -3.84277187105 1.97584293644 -7.49808284606 1.94209905642
10.43043043043043 -3.80333549649 1.96287094803 -7.4568990273 2.17213003228
10.45045045045045 -3.76421527375 1.94438373583 -7.41111390228 2.40167260078
10.47047047047047 -3.72551415756 1.92112722985 -7.36074301421 2.63015233774
10.49049049049049 -3.68732005114 1.89385995549 -7.30581341384 2.85699186811
10.51051051051051 -3.64970563795 1.86334258578 -7.24636368554 3.08161795038
10.53053053053053 -3.61272840759 1.83032876746 -7.18244381594 3.3034677427
10.55055055055055 -3.5764309193 1.79555702545 -7.11411487648 3.52199453813
10.57057057057057 -3.54084118229 1.75974098745 -7.04144868489 3.73667487028
10.59059059059059 -3.50597318235 1.72356399169 -6.96452727293 3.94701219008
10.61061061061061 -3.47182766719 1.68767024124 -6.88344226011 4.15254371014
10.63063063063063 -3.43839282746 1.65266105793 -6.79829422012 4.35284275711
10.65065065065065 -3.40564538034 1.61908876649 -6.70919181056 4.5475236375
10.67067067067067 -3.37355143545 1.58745383065 -6.61625103227 4.73624344994
10.69069069069069 -3.34206765681 1.55820203063 -6.5195942794 4.91870419304
10.71071071071071 -3.31114236713 1.53172264473 -6.41934943985 5.09465399732
10.73073073073073 -3.2807165915 1.50834824221 -6.31564903619 5.2638869209
10.75075075075075 -3.25072538106 1.48835469827 -6.20862916536 5.42624286549
10.77077077077077 -3.22109868188 1.47196235576 -6.09842879223 5.5816061968
10.79079079079079 -3.19176270525 1.45933832096 -5.98518865606 5.72990378349
10.81081081081081 -3.16264071493 1.45059850073 -5.86905064722 5.87110300796
10.83083083083083 -3.13365422409 1.44581134826 -5.75015685789 6.00520851733
10.85085085085085 -3.10472380249 1.44500118488 -5.62864895669 6.13225930929
10.87087087087087 -3.07576988174 1.44815179228 -5.50466756343 6.2523255944
10.89089089089089 -3.04671364734 1.45521137419 -5.37835156157 6.36550457885
10.91091091091091 -3.01747762283 1.46609644109 -5.24983766598 6.47191717142
10.93093093093093 -2.98798628853 1.48069640852 -5.11925996005 6.57170411517
10.95095095095095 -2.95816657124 1.49887796595 -4.98674954317 6.66502235758
10.97097097097097 -2.92794826204 1.52048945741 -4.85243423752 6.75204144418
10.99099099099099 -2.89726433631 1.54536497795 -4.71643837341 6.83294018265
11.01101101101101 -2.86605119116 1.57332829074 -4.57888264198 6.90790349295
11.03103103103103 -2.83424882893 1.60419669507 -4.43988399244 6.97711932959
11.05105105105105 -2.80180094688 1.63778451393 -4.29955560301 7.04077595601
11.07107107107107 -2.7686549507 1.67390634593 -4.15800691209 7.09905945219
11.09109109109109 -2.734761957 1.71237921364 -4.0153436441 7.15215207284
11.11111111111111 -2.700076661 1.75302543623 -3.87166795709 7.20023015372
11.13113113113113 -2.66455730108 1.79567691321 -3.72707852775 7.24346086872
11.15115115115115 -2.62816533129 1.84017387227 -3.58167080228 7.28200341401
11.17117117117117 -2.59086531236 1.88636809975 -3.43553712772 7.31600662494
11.19119119119119 -2.5526246281 1.93412379408 -3.28876699282 7.34560855526
11.21121121121121 -2.51341328574 1.98331920919 -3.14144721139 7.37093536081
11.23123123123123 -2.4732035458 2.03384662454 -2.99366221687 7.39210158072
11.25125125125125 -2.43196970036 2.08561361474 -2.84549425766 7.40920934796
11.27127127127127 -2.38968773368 2.13854263041 -2.69702365821 7.42234898057
11.29129129129129 -2.34633500966 2.19257161146 -2.54832907413 7.43159874244
11.31131131131131 -2.30189001141 2.24765347686 -2.39948768638 7.43702543857
11.33133133133133 -2.25633195931 2.30375586116 -2.25057549317 7.4386849304
11.35135135135135 -2.20964071638 2.36086071652 -2.10166737522 7.43662252115
11.37137137137137 -2.16179620494 2.41896322843 -1.95283752482 7.43087429061
11.391391391391391 -2.11277848408 2.47807172331 -1.80415938178 7.42146711196
11.411411411411411 -2.06256718682 2.53820587357 -1.65570602591 7.40842054938
11.431431431431431 -2.01114145875 2.59939583803 -1.50755019811 7.39174763556
11.451451451451451 -1.95847983986 2.66168181383 -1.35976438053 7.37145533189
11.471471471471471 -1.90455991999 2.72511154574 -1.21242098941 7.34754689838
11.491491491491491 -1.84935825106 2.7897397938 -1.06559242785 7.32002240826
11.511511511511511 -1.79285029645 2.85562701682 -0.91935107915 7.28887993579
11.531531531531531 -1.73501024276 2.92283666224 -0.773769362631 7.25411804156
11.551551551551551 -1.67581073944 2.99143406735 -0.62891990561 7.21573687615
11.571571571571571 -1.61522349097 3.06148600614 -0.484875034189 7.17373826399
11.591591591591591 -1.55321866604 3.13305797446 -0.341707161707 7.12812840466
11.611611611611611 -1.48976524808 3.20621264308 -0.199488436898 7.07891901969
11.631631631631631 -1.42483092905 3.28100834521 -0.0582907749227 7.02612874336
11.651651651651651 -1.35838231843 3.35749739539 0.0818143853168 6.96978440773
11.671671671671671 -1.29038508604 3.43572441369 0.220756266363 6.90992239456
11.691691691691691 -1.22080401594 3.5157247775 0.358464854425 6.84658988705
11.711711711711711 -1.1496034053 3.59752308643 0.494871291043 6.7798457447
11.731731731731731 -1.07674704448 3.68113151641 0.629907919406 6.70976197956
11.751751751751751 -1.00219874036 3.76654871356 0.763508747839 6.63642388487
11.771771771771771 -0.925922401604 3.85375807156 0.895609591278 6.55993150862
11.791791791791791 -0.847882393672 3.94272658035 1.02614838857 6.48039996501
11.811811811811811 -0.768043969691 4.03340397106 1.15506555229 6.39795917301
11.831831831831831 -0.686373662671 4.12572123398 1.28230435601 6.31275470412
11.851851851851851 -0.602839498319 4.21958984228 1.4078110553 6.22494746224
11.871871871871871 -0.51741142023 4.31490086864 1.53153522363 6.13471343252
11.891891891891891 -0.430061867405 4.41152413514 1.65343022168 6.04224325652
11.911911911911911 -0.340766028226 4.50930759722 1.77345326399 5.94774129381
11.931931931931931 -0.249502381712 4.60807672625 1.89156582953 5.85142483853
11.951951951951951 -0.156253155014 4.70763397009 2.00773390864 5.75352296445
11.971971971971971 -0.0610047212337 4.80775821114 2.12192809033 5.65427505566
11.991991991991991 0.0362518532015 4.90820451684 2.23412392149 5.55392928675
12.012012012012011 0.135520358646 5.00870357555 2.34430197545 5.4527409948
12.032032032032031 0.236798958552 5.10896128542 2.45244795514 5.35097081851
12.052052052052051 0.340079660235 5.20865866753 2.55855289382 5.24888248874
12.072072072072071 0.44534783518 5.3074510516 2.66261303564 5.14674113685
12.092092092092091 0.552581709487 5.40496787915 2.76462998121 5.04481112196
12.112112112112111 0.661751816379 5.50081243168 2.86461060243 4.94335335669
12.132132132132131 0.77282047903 5.59456087843 2.96256691456 4.84262416349
12.152152152152151 0.885741263478 5.68576200214 3.05851599097 4.74287271946
12.172172172172171 1.00045842561 5.77393680564 3.15247984184 4.64433882442
12.192192192192191 1.11690634515 5.85857777667 3.24448514854 4.54725145419
12.212212212212211 1.23500895506 5.9391484572 3.33456305983 4.45182688138
12.232232232232231 1.3546791531 6.01508301781 3.42274891342 4.35826711858
12.252252252252251 1.4758182123 6.08578598979 3.50908193285 4.26675861341
12.272272272272271 1.59831518849 6.15063211439 3.5936049151 4.17747100434
12.292292292292291 1.72204632229 6.20896662178 3.67636386876 4.09055629706
12.312312312312311 1.8468744704 6.26010626843 3.75740763779 4.00614841993
12.332332332332332 1.97264850042 6.30333871702 3.83678760602 3.92436170935
12.352352352352352 2.09920275439 6.33792451413 3.91455729545 3.84529085585
12.372372372372372 2.22635662404 6.36310297754 3.99077181915 3.76901292261
12.392392392392392 2.35391383592 6.37808805152 4.06548770071 3.69558409512
12.412412412412412 2.48166237163 6.3820782824 4.13876240869 3.6250421732
12.432432432432432 2.6093741426 6.37426201599 4.21065395674 3.55740734284
12.452452452452452 2.73680420458 6.35381442048 4.28122056475 3.4926803332
12.472472472472472 2.8636916217 6.31991689143 4.35052033428 3.43084551362
12.492492492492492 2.98975901 6.2717599187 4.41861086667 3.37187092522
12.512512512512513 3.11471299613 6.20855260451 4.48554896774 3.31570847725
12.532532532532533 3.2382446269 6.12953362136 4.55139033514 3.26229481729
12.552552552552553 3.36002985496 6.03398215502 4.6161892301 3.21155214229
12.572572572572573 3.47973131464 5.92123759676 4.67999825438 3.16338911558
12.592592592592593 3.59699826954 5.7907052705 4.74286799784 3.11770126194
12.612612612612613 3.71146989839 5.64188018581 4.8048468866 3.07437132358
12.632632632632633 3.82277521629 5.47435535796 4.86598083418 3.03327008688
12.652652652652653 3.93053721914 5.28784327402 4.92631307714 2.99425620291
12.672672672672673 4.03437363632 5.08218880502 4.98588388729 2.95717692497
12.692692692692694 4.13390108496 4.8573840595 5.04473037153 2.92186794656
12.712712712712714 4.22873743126 4.61358421578 5.102886235 2.88815369531
12.732732732732734 4.31850506648 4.35111788683 5.16038154927 2.85584748039
12.752752752752754 4.40283540452 4.07049677669 5.21724254655 2.82475133481
12.772772772772774 4.48137165631 3.7724240985 5.27349138158 2.79465637172
12.792792792792794 4.5537731331 3.45779768844 5.32914591431 2.7653428366
12.812812812812814 4.61971890531 3.12771315646 5.38421949675 2.73658027922
12.832832832832834 4.67891221056 2.7834547308 5.43872076753 2.70812778294
12.852852852852854 4.73108368596 2.42649224377 5.4926534387 2.67973427201
12.872872872872874 4.77599516828 2.05847169859 5.54601609244 2.65113878005
12.892892892892894 4.8134430486 1.68119458571 5.59880199378 2.62207078313
12.912912912912914 4.84326125481 1.29660341795 5.65099889629 2.59225043139
12.932932932932934 4.86532386191 0.906758041534 5.70258886084 2.56138879564
12.952952952952954 4.87954707607 0.513810280306 5.75354807279 2.52918790005
12.972972972972974 4.88589083229 0.11997694628 5.80384666178 2.49534065795
12.992992992992994 4.88436002681 -0.272486655646 5.85344851678 2.45953063504
13.013013013013014 4.87500469766 -0.661317205063 5.90231109312 2.42143147837
13.033033033033034 4.85792008776 -1.04427095388 5.95038520812 2.38070626725
13.053053053053054 4.83324593677 -1.41915129325 5.99761482029 2.33700660864
13.073073073073074 4.80116526977 -1.78383440035 6.04393678945 2.28997160108
13.093093093093094 4.76190271479 -2.13629228409 6.08928061721 2.2392267491
13.113113113113114 4.71572236954 -2.47461332812 6.13356816279 2.18438291113
13.133133133133134 4.66292522713 -2.79701963286 6.1767133343 2.12503543874
13.153153153153154 4.60384663335 -3.10187972493 6.2186218024 2.06076368656
13.173173173173174 4.53885284627 -3.387720729 6.25919063344 1.99113094989
13.193193193193194 4.46833789882 -3.65323498199 6.29830798757 1.91568517194
13.213213213213214 4.39272046452 -3.89728259966 6.33585285159 1.83396056516
13.233233233233234 4.31244030538 -4.11889398216 6.37169476666 1.74548021473
13.253253253253254 4.22795488926 -4.31726854189 6.40569364478 1.64975992899
13.273273273273274 4.13973604157 -4.49177216677 6.4376996737 1.54631334544
13.293293293293294 4.04826665433 -4.64193315133 6.46755334771 1.43465855452
13.313313313313314 3.95403745471 -4.76743760636 6.4950855842 1.31432558175
13.333333333333334 3.85754392385 -4.86812468662 6.52011810167 1.18486592698
13.353353353353354 3.75928329647 -4.94397968826 6.54246397725 1.04586409762
13.373373373373374 3.65975164608 -4.99513246571 6.5619283663 0.896947431409
13.393393393393394 3.55944107109 -5.02185107056 6.57830950542 0.737799794675
13.413413413413414 3.45883691128 -5.0245399145 6.59139996768 0.568173675811
13.433433433433434 3.35841508647 -5.00373597886 6.60098816113 0.387903757093
13.453453453453454 3.25863945814 -4.96010720092 6.60686012664 0.196919391268
13.473473473473474 3.159959224 -4.89445014082 6.6088015292 -0.00474360862595
13.493493493493494 3.06280634769 -4.80768807196 6.60659991655 -0.216932742113
13.513513513513514 2.96759307858 -4.70086838011 6.60004711604 -0.439369713352
13.533533533533534 2.87470947247 -4.57515929829 6.58894185029 -0.671644489807
13.553553553553554 2.78452102744 -4.43184523548 6.57309239853 -0.91321166637
13.573573573573574 2.69736641623 -4.2723204927 6.55231931861 -1.16339012514
13.593593593593594 2.6135553638 -4.09808100779 6.52645814226 -1.42136611593
13.613613613613614 2.53336671494 -3.91071388876 6.49536196674 -1.68619985518
13.633633633633634 2.45704673182 -3.71188462586 6.45890388461 -1.95683570645
13.653653653653654 2.38480767334 -3.50332199272 6.41697917091 -2.23211577214
13.673673673673674 2.31682670029 -3.28680079833 6.36950716467 -2.51079659665
13.693693693693694 2.25324513447 -3.0641228059 6.31643280072 -2.79156851214
13.713713713713714 2.19416812755 -2.83709615753 6.25772771751 -3.0730771529
13.733733733733734 2.13966474789 -2.60751389396 6.19339092416 -3.35394640287
13.753753753753754 2.08976850098 -2.37713218318 6.12344899948 -3.63280201088
13.773773773773774 2.04447830311 -2.1476489256 6.04795579628 -3.90829511182
13.793793793793794 2.00375978205 -1.92068321808 5.96699178374 -4.17912500379
13.813813813813814 1.96754713134 -1.69775660675 5.88066277482 -4.444060295
13.833833833833834 1.93574519908 -1.48027655669 5.78909838184 -4.70195775205
13.853853853853854 1.9082319145 -1.26952252597 5.6924500868 -4.95177850806
13.873873873873874 1.88486096533 -1.06663510729 5.59088901518 -5.19260109395
13.893893893893894 1.86546465855 -0.872608429233 5.4846034847 -5.42363106736
13.913913913913914 1.84985690564 -0.688286042187 5.37379638941 -5.64420698761
13.933933933933934 1.83783624787 -0.514360142988 5.25868250881 -5.8538028746
13.953953953953954 1.8291888653 -0.351373836329 5.13948580255 -6.05202745836
13.973973973973974 1.82369151552 -0.199726393986 5.01643674601 -6.23862024893
13.993993993993994 1.82111434121 -0.0596810639843 4.88976977259 -6.4134448853
14.014014014014014 1.82122350209 0.0686248223846 4.75972086901 -6.57648001763
14.034034034034034 1.82378355906 0.18516804459 4.6265254 -6.72780833044
14.054054054054054 1.82855963912 0.290026106695 4.49041613496 -6.86760384605
14.074074074074074 1.83531932626 0.383364831924 4.35162155187 -6.99612017795
14.094094094094094 1.84383428455 0.465422320166 4.21036436692 -7.11367485054
14.114114114114114 1.85388154626 0.536495895534 4.06686042271 -7.22063668459
14.134134134134134 1.86524457736 0.596927567839 3.92131777203 -7.31741152041
14.154154154154154 1.87771402238 0.647090876528 3.77393608653 -7.40442927449
14.174174174174174 1.89108821583 0.68737828398 3.62490629252 -7.48213148729
14.194194194194194 1.905173443 0.718189649539 3.47441045525 -7.55095989134
14.214214214214214 1.91978398823 0.739921826318 3.32262187465 -7.61134606184
14.234234234234235 1.93474194208 0.752959241032 3.16970541934 -7.66370199386
14.254254254254255 1.94987693039 0.757666160294 3.01581794347 -7.70841237094
14.274274274274275 1.96502559901 0.754380078491 2.86110894507 -7.74582789634
14.294294294294295 1.98003103572 0.743405779403 2.70572128723 -7.77625927961
14.314314314314315 1.99474208384 0.725011764747 2.54979203351 -7.79997358835
14.334334334334335 2.00901255126 0.69942648538 2.39345338539 -7.81719035532
14.354354354354355 2.02270041297 0.666836940356 2.23683363249 -7.82808007175
14.374374374374375 2.03566695824 0.6273875512 2.08005815693 -7.8327629375
14.394394394394395 2.04777594658 0.5811805009 1.92325043417 -7.83130907368
14.414414414414415 2.05889276547 0.528276831676 1.76653303283 -7.82373949199
14.434434434434435 2.06888363497 0.468698570114 1.61002857126 -7.81002810297
14.454454454454455 2.07761484359 0.402431681154 1.45386064412 -7.79010457789
14.474474474474475 2.08495207436 0.329429874392 1.29815466187 -7.76385807401
14.494494494494495 2.09075979316 0.249619189379 1.14303862637 -7.73114179966
14.514514514514515 2.09490075791 0.16290329935 0.988643789532 -7.69177832121
14.534534534534535 2.09723561697 0.0691694933745 0.83510521749 -7.64556564562
14.554554554554555 2.09762265703 -0.0317047517933 0.682562206797 -7.59228394021
14.574574574574575 2.09591767027 -0.139844676217 0.531158574641 -7.53170290011
14.594594594594595 2.09197397776 -0.255370720331 0.381042787388 -7.46358963578
14.614614614614615 2.08564260231 -0.378390696889 0.232367930736 -7.38771701162
14.634634634634635 2.07677260146 -0.50899178105 0.085291507925 -7.30387231221
14.654654654654655 2.06521156125 -0.647232472047 -0.0600249374799 -7.21186610123
14.674674674674675 2.0508062497 -0.793134685878 -0.203416376611 -7.11154112432
14.694694694694695 2.03340343378 -0.946676207518 -0.344715037385 -7.00278104766
14.714714714714715 2.01285081416 -1.10778353175 -0.483751284238 -6.88551895693
14.734734734734735 1.98899814897 -1.27632570326 -0.620354727198 -6.75974511358
14.754754754754755 1.96169839353 -1.45210843497 -0.754355355382 -6.62551446282
14.774774774774775 1.93080911285 -1.63487048773 -0.885585022236 -6.482952285
14.794794794794795 1.89619376982 -1.82428014496 -1.01387879881 -6.33225960048
14.814814814814815 1.85772319849 -2.01993374592 -1.13907657925 -6.17371680145
14.834834834834835 1.81527703435 -2.22135636752 -1.26102469533 -6.0076851111
14.854854854854855 1.76874512238 -2.42800254454 -1.3795775094 -5.83460795672
14.874874874874875 1.71802890591 -2.63926075389 -1.49459908543 -5.65500858707
14.894894894894895 1.66304265697 -2.85445837997 -1.60596470579 -5.46948691001
14.914914914914915 1.60371476358 -3.07286716638 -1.71356246075 -5.27871595349
14.934934934934935 1.53998859505 -3.2937125147 -1.81729449761 -5.08343361676
14.954954954954955 1.47182344841 -3.5161849461 -1.91707841025 -4.88443248033
14.974974974974975 1.39919509191 -3.73944682188 -2.01284808111 -4.68255339295
14.994994994994995 1.32209623336 -3.9626454467 -2.1045546121 -4.47867259983
15.015015015015015 1.24053671266 -4.18492374251 -2.19216689589 -4.2736903135
15.035035035035035 1.15454349502 -4.40543220412 -2.27567201341 -4.06851770633
15.055055055055055 1.06416038767 -4.62333908375 -2.35507527997 -3.86406478893
15.075075075075075 0.969447550301 -4.83784115625 -2.43040009056 -3.66122716662
15.095095095095095 0.870480898381 -5.04817217486 -2.50168754822 -3.46087444993
15.115115115115115 0.767351222985 -5.25361106022 -2.56899579015 -3.26383821241
15.135135135135135 0.660163283026 -5.45348735751 -2.63239916021 -3.07090223142
15.155155155155155 0.549034675417 -5.64718559939 -2.69198710311 -2.8827930811
15.175175175175175 0.434094786866 -5.834147517 -2.74786300736 -2.70017270033
15.195195195195195 0.315483594541 -6.01387205694 -2.80014280141 -2.5236324841
15.215215215215215 0.193350450388 -6.18591430232 -2.84895344513 -2.35368822756
15.235235235235235 0.0678532237841 -6.3498811096 -2.89443156093 -2.19077871479
15.255255255255255 -0.0608428352674 -6.50542444035 -2.93672171313 -2.03526559302
15.275275275275275 -0.192565967498 -6.65223769401 -2.97597494046 -1.88743107127
15.295295295295295 -0.327138597067 -6.79004542708 -3.01234716694 -1.74748196647
15.315315315315315 -0.46437786039 -6.9185940835 -3.04599772834 -1.61555310124
15.335335335335335 -0.604095963123 -7.03764211229 -3.07708797012 -1.49171162132
15.355355355355355 -0.746100317283 -7.14694943809 -3.10577994834 -1.37596244454
15.375375375375375 -0.890193434154 -7.24626633329 -3.13223524857 -1.26825483207
15.395395395395395 -1.03617265764 -7.33532315171 -3.15661393719 -1.16848879519
15.415415415415415 -1.18382961702 -7.41381947152 -3.1790736516 -1.07652273769
15.435435435435435 -1.33294956825 -7.48141521114 -3.19976883578 -0.992180195468
15.455455455455455 -1.48331046764 -7.53772120285 -3.21885011139 -0.915257727084
15.475475475475475 -1.6346819535 -7.58229266435 -3.23646381815 -0.845531555376
15.495495495495495 -1.78682411593 -7.61462242852 -3.25275167208 -0.782764984396
15.515515515515515 -1.93948627142 -7.6341377829 -3.26785057034 -0.726714279935
15.535535535535535 -2.09240555903 -7.64019765637 -3.28189251653 -0.677134984881
15.555555555555555 -2.24530562544 -7.63209345214 -3.29500465096 -0.633786784799
15.575575575575575 -2.39789526631 -7.60905144369 -3.30730938374 -0.596438148682
15.595595595595595 -2.54986717602 -7.57023842449 -3.31892460995 -0.564869809793
15.615615615615615 -2.70089680161 -7.51476971185 -3.32996399104 -0.53887761721
15.635635635635635 -2.85064153339 -7.4417212358 -3.34053724564 -0.518273917983
15.655655655655655 -2.99873995294 -7.35014347533 -3.35075051936 -0.502888468602
15.675675675675675 -3.14481150708 -7.23907875738 -3.36070672186 -0.492568255219
15.695695695695695 -3.28845658708 -7.10758256274 -3.37050585517 -0.487175758191
15.715715715715715 -3.42925696474 -6.95474608614 -3.38024531284 -0.486586963327
15.735735735735735 -3.56677681203 -6.77972319402 -3.39002010987 -0.49068761897
15.755755755755755 -3.70056420404 -6.58175748219 -3.3999230384 -0.499369350404
15.775775775775776 -3.83015324317 -6.36021311396 -3.41004473491 -0.512524342997
15.795795795795796 -3.95506672272 -6.11460396231 -3.42047364464 -0.530040116539
15.815815815815816 -4.07481951935 -5.84462563122 -3.43129585175 -0.551793169416
15.835835835835836 -4.18892239512 -5.55018298468 -3.44259482598 -0.57764337848
15.855855855855856 -4.29688664333 -5.23141934814 -3.45445098955 -0.607427521537
15.875875875875876 -4.39822888428 -4.8887384789 -3.46694125093 -0.640954295842
15.895895895895896 -4.49247671488 -4.52282563297 -3.48013833755 -0.677999073159
15.915915915915916 -4.57917415047 -4.1346598285 -3.49411017362 -0.718300605122
15.935935935935936 -4.65788816731 -3.72552260481 -3.50891897505 -0.761558046368
15.955955955955956 -4.7282145108 -3.29699735976 -3.52462051064 -0.807430132024
15.975975975975976 -4.78978311739 -2.85095961306 -3.54126343549 -0.855536335968
15.995995995995996 -4.84226441078 -2.38955702062 -3.55888836845 -0.905460107831
16.016016016016017 -4.885374454 -1.91519033759 -3.57752723931 -0.956751406415
16.036036036036037 -4.91887962802 -1.4304798865 -3.59720267782 -1.00893259783
16.056056056056057 -4.94260052988 -0.938221179716 -3.61792756517 -1.06150678215
16.076076076076077 -4.95641518201 -0.441340759195 -3.63970468183 -1.11396542823
16.096096096096097 -4.96026106081 0.0571530658521 -3.66252659797 -1.16579692446
16.116116116116117 -4.95413626777 0.554224217027 -3.68637567656 -1.2164958027
16.136136136136138 -4.93809949757 1.04686156709 -3.71122430171 -1.26557120179
16.156156156156158 -4.91226906022 1.53213167726 -3.73703523755 -1.31255481389
16.176176176176178 -4.87682080173 2.00722760257 -3.76376215521 -1.35700746709
16.196196196196198 -4.83198512069 2.46951337187 -3.79135026922 -1.39852422898
16.216216216216218 -4.77804313841 2.91656197286 -3.81973706359 -1.43673762871
16.236236236236238 -4.71532222067 3.34618614978 -3.84885304889 -1.47131890174
16.256256256256258 -4.64419092323 3.75646138797 -3.87862253721 -1.50197725253
16.276276276276278 -4.56505356757 4.14574033828 -3.90896437901 -1.52845709799
16.296296296296298 -4.47834462346 4.51265891525 -3.93979262347 -1.55053352968
16.316316316316318 -4.38452306341 4.85613470389 -3.97101707082 -1.56800631778
16.336336336336338 -4.28406689914 5.17535851331 -4.00254367918 -1.58069289286
16.356356356356358 -4.17746740102 5.46977719767 -4.03427491866 -1.58841931385
16.376376376376378 -4.06522476858 5.73907624478 -4.06610976188 -1.59101320411
16.396396396396398 -3.94784322573 5.98315200167 -4.09794366383 -1.58829399252
16.416416416416418 -3.82582717716 6.20208733241 -4.12966833988 -1.58006573639
16.436436436436438 -3.69967781769 6.39612106114 -4.16117133719 -1.56610934773
16.456456456456458 -3.56989013217 6.56561894286 -4.19233555857 -1.54617623649
16.476476476476478 -3.43695088706 6.71104628352 -4.22303857377 -1.51998398888
16.496496496496498 -3.30133667057 6.83293785778 -4.25315192543 -1.48721205833
16.516516516516518 -3.16351291993 6.93187688644 -4.282540377 -1.4475014919
16.536536536536538 -3.02393311724 7.00846795136 -4.31106105953 -1.4004538555
16.556556556556558 -2.88303850406 7.06332339485 -4.33856284228 -1.3456350373
16.576576576576578 -2.74125827659 7.09704276398 -4.36488546009 -1.2825782718
16.596596596596598 -2.59900962424 7.11020622388 -4.3898591731 -1.21079166574
16.616616616616618 -2.45669866401 7.1033629779 -4.41330404924 -1.12976574992
16.636636636636638 -2.31472054127 7.07703074935 -4.43503003481 -1.03898416845
16.656656656656658 -2.17346069361 7.0316939505 -4.45483659664 -0.937935617118
16.676676676676678 -2.03329482146 6.96780831912 -4.47251329236 -0.826126943085
16.696696696696698 -1.8945900633 6.88580803396 -4.48783995997 -0.70309877927
16.716716716716718 -1.75770469764 6.78611444314 -4.50058783879 -0.568439967771
16.736736736736738 -1.62298887914 6.66915035878 -4.51052044761 -0.421805774754
16.756756756756758 -1.49078398927 6.53535164748 -4.51739526253 -0.262932351947
16.776776776776778 -1.36142238125 6.38518384932 -4.52096545677 -0.0916539859893
16.796796796796798 -1.23522676585 6.21915788243 -4.52098194204 0.0920816138502
16.816816816816818 -1.11250904599 6.03784617192 -4.51719585178 0.288199052236
16.836836836836838 -0.993568872131 5.84189590123 -4.50936120601 0.496484494969
16.856856856856858 -0.878692096105 5.63204341422 -4.49723777758 0.716575253716
16.876876876876878 -0.768148847531 5.40912456834 -4.48059414218 0.947953800821
16.896896896896898 -0.662191458401 5.17408249636 -4.45921081265 1.18994502106
16.916916916916918 -0.561052266708 4.9279717993 -4.43288338866 1.44171740139
16.936936936936938 -0.464941383443 4.67195850644 -4.40142562642 1.70228863905
16.956956956956958 -0.374044482767 4.40731672914 -4.36467239712 1.97053459401
16.976976976976978 -0.288520723681 4.13542098691 -4.32248240324 2.24520238931
16.996996996996998 -0.208500818487 3.85773094219 -4.27474054941 2.52493099275
17.017017017017018 -0.13408555674 3.57577785285 -4.22135990712 2.8082693796
17.037037037037038 -0.0653444985987 3.29114290365 -4.16228329577 3.09370266854
17.057057057057058 -0.00231527982198 3.00543650123 -4.0974842659 3.37967635825
17.077077077077078 0.0549968866406 2.72027176733 -4.02696772784 3.66462622432
17.097097097097098 0.106618778668 2.43724179868 -3.95076967413 3.94700333084
17.117117117117118 0.152608714991 2.15789217968 -3.8689567721 4.22530369071
17.137137137137138 0.193055287145 1.88369713686 -3.78162514171 4.49809343633
17.157157157157158 0.228075666109 1.61603727512 -3.68889868283 4.76403194889
17.177177177177178 0.257813580991 1.35617918301 -3.59092705038 5.02189278916
17.197197197197198 0.282436818708 1.10525893494 -3.48788315034 5.270580313
17.217217217217218 0.302134500993 0.864269049619 -3.37996041242 5.50914259897
17.237237237237238 0.31711410229 0.634049603718 -3.26736980693 5.73678002897
17.25725725725726 0.327598346433 0.415283477234 -3.15033674841 5.95284962534
17.27727727727728 0.333822046753 0.208495706221 -3.02909795147 6.15686523147
17.2972972972973 0.33602897086 0.0140567116247 -2.90389832079 6.34849381829
17.31731731731732 0.334468805345 -0.167810942273 -2.77498795 6.52754830103
17.33733733733734 0.329394298308 -0.337022823485 -2.64261930596 6.69397746442
17.35735735735736 0.321058603415 -0.493620253883 -2.50704462115 6.84785330972
17.37737737737738 0.309712905838 -0.637756040171 -2.36851357229 6.98935661108
17.3973973973974 0.295604358392 -0.769678765173 -2.22727127173 7.11876112513
17.41741741741742 0.278974295856 -0.889716306729 -2.08355653784 7.23641710247
17.43743743743744 0.260056854388 -0.99825886427 -1.93760056983 7.34273439873
17.45745745745746 0.239077855103 -1.09574222977 -1.78962588453 7.43816587226
17.47747747747748 0.216254062418 -1.18263129317 -1.63984562514 7.52319107864
17.4974974974975 0.191792810837 -1.2594046411 -1.48846323316 7.59830108953
17.51751751751752 0.165891830626 -1.32654002531 -1.33567231583 7.66398418497
17.53753753753754 0.138739376501 -1.38450085116 -1.1816568122 7.72071258421
17.55755755755756 0.110514703004 -1.4337244633 -1.02659149931 7.76893096871
17.57757757757758 0.0813886671223 -1.47461156348 -0.870642622471 7.8090461145
17.5975975975976 0.0515244525488 -1.50751631146 -0.713968645025 7.8414172039
17.61761761761762 0.0210788060677 -1.5327400986 -0.556721499453 7.86634975811
17.63763763763764 -0.00979692710122 -1.55052451771 -0.399047640989 7.88408876301
17.65765765765766 -0.0409557947436 -1.56104589179 -0.241089073685 7.89481328439
17.67767767767768 -0.0722535482377 -1.56441294924 -0.0829850465132 7.89863423821
17.6976976976977 -0.103547477937 -1.56066412788 0.075126768041 7.89559171271
17.71771771771772 -0.134694913407 -1.54976712735 0.233108764668 7.88565451946
17.73773773773774 -0.165551845249 -1.53161949386 0.390822015624 7.86872073221
17.75775775775776 -0.195971506565 -1.50605065909 0.548124839578 7.84461964027
17.77777777777778 -0.22580308124 -1.47282530735 0.704871495569 7.81311499413
17.7977977977978 -0.25489042454 -1.43164815837 0.860910886016 7.77390962829
17.81781781781782 -0.283070914446 -1.38217034112 1.01608538653 7.72665163636
17.83783783783784 -0.310174527826 -1.32399626816 1.17022989935 7.67094104222
17.85785785785786 -0.336022933072 -1.25669338876 1.32317091413 7.60633928515
17.87787787787788 -0.36042870298 -1.17980321779 1.47472568378 7.53237996013
17.8978978978979 -0.383195207749 -1.0928517945 1.62470208135 7.44857904094
17.91791791791792 -0.404116266549 -0.995363957076 1.77289820252 7.35444884697
17.93793793793794 -0.422976280707 -0.886877375404 1.91910244793 7.24951181722
17.95795795795796 -0.439550631875 -0.766957998511 2.06309386453 7.13331571245
17.97797797797798 -0.453606459128 -0.635216484848 2.20464286092 7.00544985159
17.997997997998 -0.464903704437 -0.491324680063 2.34351218879 6.86556145836
18.01801801801802 -0.473196379128 -0.335032421914 2.4794581434 6.71337237436
18.03803803803804 -0.478234540844 -0.166184181032 2.61223247175 6.54869578812
18.05805805805806 -0.479766266696 0.0152648784333 2.74158427941 6.37145239715
18.07807807807808 -0.477539745555 0.209236544134 2.86726206981 6.18168303652
18.0980980980981 -0.471306259919 0.415514845581 2.98901666045 5.97956376081
18.11811811811812 -0.460822771316 0.633738062419 3.10660373046 5.76541433667
18.13813813813814 -0.445855050315 0.863390974707 3.21978691098 5.53970657997
18.15815815815816 -0.426180732581 1.10380207539 3.32834082094 5.30306781416
18.17817817817818 -0.401592463859 1.35414396579 3.4320542026 5.05628116964
18.1981981981982 -0.371900978864 1.61343807811 3.53073300587 4.80028154081
18.21821821821822 -0.336938020503 1.88056344128 3.62420332468 4.53614738737
18.23823823823824 -0.296559136474 2.15426957333 3.71231422344 4.26508833103
18.25825825825826 -0.25064605148 2.4331929298 3.7949401415 3.98842882869
18.27827827827828 -0.199108769339 2.71587724329 3.87198303536 3.70758773798
18.2982982982983 -0.141887191683 3.0007954039 3.94337401833 3.42405581158
18.31831831831832 -0.0789522887254 3.28637476322 4.00907455255 3.13936937384
18.33833833833834 -0.0103067672489 3.57102127379 4.06907708828 2.85508448541
18.35835835835836 0.064014765451 3.85314648605 4.12340519265 2.57274777584
18.37837837837838 0.14394613738 4.13118996405 4.17211308325 2.29387105379
18.3983983983984 0.229390452325 4.40364433527 4.21528464979 2.01990279231
18.41841841841842 0.320221268114 4.66907231562 4.2530319909 1.7522069301
18.43843843843844 0.416284318761 4.92612628405 4.28549340091 1.49203856415
18.45845845845846 0.517399234594 5.17355806043 4.3128311645 1.2405291194
18.47847847847848 0.623361901228 5.41023061531 4.33522871507 0.99866889017
18.4984984984985 0.73394640782 5.63511866953 4.35288796954 0.767301049532
18.51851851851852 0.848907527021 5.84731109244 4.36602612559 0.547113163633
18.53853853853854 0.967982880986 6.04600587266 4.3748725905 0.338636645121
18.55855855855856 1.09089506631 6.23050242536 4.37966586112 0.142248999436
18.57857857857858 1.21735357256 6.40019070033 4.38065050413 -0.0418202433063
18.5985985985986 1.34705654522 6.55453856373 4.37807422396 -0.213481440348
18.61861861861862 1.47969203543 6.69307517271 4.37218528153 -0.372771366329
18.63863863863864 1.61493918954 6.81537599857 4.36323001523 -0.519841090626
18.65865865865866 1.75246897713 6.92104601732 4.35145072396 -0.654940517066
18.67867867867868 1.8919446044 7.00970370089 4.33708386454 -0.778402434852
18.6986986986987 2.03302164553 7.08096590384 4.32035854053 -0.890626185354
18.71871871871872 2.17534790853 7.13443442154 4.30149529883 -0.992061492705
18.73873873873874 2.31856295472 7.1696847803 4.28070533326 -1.0831925333
18.75875875875876 2.46229757964 7.18625782899 4.25818986635 -1.16452339576
18.77877877877878 2.60617291835 7.18365391522 4.23413998129 -1.23656387884
18.7987987987988 2.74979971817 7.16133262179 4.2087366434 -1.29981834818
18.81881881881882 2.89277746544 7.11871116822 4.18215076291 -1.35477358372
18.83883883883884 3.03469367704 7.05517527525 4.15454390021 -1.40189252296
18.85885885885886 3.17512318749 6.97008180391 4.12606848622 -1.44160423731
18.87887887887888 3.31362799686 6.86278052723 4.09686889143 -1.4743030696
18.8988988988989 3.44975676504 6.73262135334 4.06708182054 -1.50034089218
18.91891891891892 3.58304577138 6.57898720669 4.03683750394 -1.5200323296
18.93893893893894 3.71301925303 6.40130921233 4.00626018219 -1.53365138887
18.95895895895896 3.83919076116 6.19909581191 3.97546896908 -1.54143560213
18.97897897897898 3.96106504521 5.97196272082 3.94457858007 -1.54359123988
18.998998998999 4.07814047017 5.71966205383 3.91369985203 -1.54029893321
19.01901901901902 4.18991207241 5.44211313461 3.88294020263 -1.53172125478
19.03903903903904 4.29587520985 5.13943181748 3.85240390163 -1.51801089469
19.05905905905906 4.39552989459 4.81195759377 3.82219214368 -1.49931958445
19.07907907907908 4.48838493583 4.4602803255 3.79240316274 -1.47580657741
19.0990990990991 4.57396409951 4.08525619601 3.76313169021 -1.44764820775
19.11911911911912 4.6518107577 3.68802695864 3.73446882765 -1.41504560272
19.13913913913914 4.72149429084 3.27002272624 3.70650123634 -1.37823177318
19.15915915915916 4.78261543993 2.83296633977 3.67931063341 -1.33747738595
19.17917917917918 4.83481248667 2.37885935223 3.65297280744 -1.29309408331
19.1991991991992 4.87776631743 1.90996963153 3.62755693819 -1.2454367656
19.21921921921922 4.91120566483 1.42880432829 3.60312466984 -1.19490316987
19.23923923923924 4.93491169147 0.93807680473 3.57972925483 -1.14193161927
19.25925925925926 4.94872152813 0.440664266591 3.55741480912 -1.08699603113
19.27927927927928 4.95253119761 -0.0604380893341 3.53621565239 -1.03059980703
19.2992992992993 4.94629732692 -0.562169909404 3.51615581011 -0.973267533692
19.31931931931932 4.9300381353 -1.06145771658 3.49724865494 -0.915536533195
19.33933933933934 4.90383299561 -1.55527147821 3.47949676022 -0.857946713392
19.35935935935936 4.86782106965 -2.04067761494 3.46289194564 -0.801030950915
19.37937937937938 4.82219885931 -2.51488971878 3.44741551171 -0.745305622557
19.3993993993994 4.76721680531 -2.97531427504 3.43303865588 -0.691262028179
19.41941941941942 4.70317494996 -3.41958929144 3.41972306314 -0.639359222816
19.43943943943944 4.63041810095 -3.84561618932 3.40742158911 -0.590018276548
19.45945945945946 4.5493300419 -4.25158371093 3.39607910277 -0.543618306835
19.47947947947948 4.46032798308 -4.63598168764 3.38563329611 -0.500494619307
19.4994994994995 4.36385637227 -4.99760722769 3.37601557732 -0.460938616229
19.51951951951952 4.26038067363 -5.33556342432 3.36715194755 -0.425199318931
19.53953953953954 4.15038137845 -5.64925004707 3.35896381453 -0.393486561765
19.55955955955956 4.03434805889 -5.93834693117 3.3513687551 -0.36597572389
19.57957957957958 3.91277396448 -6.20279150106 3.34428114487 -0.342813525154
19.5995995995996 3.78615121107 -6.44275356428 3.3376126596 -0.324124181252
19.61961961961962 3.6549665401 -6.65860691432 3.33127264488 -0.31001595172
19.63963963963964 3.51969739611 -6.85089823518 3.32516838513 -0.300587981292
19.65965965965966 3.3808088308 -7.02031599323 3.3192052162 -0.295936719573
19.67967967967968 3.23875097165 -7.16765935616 3.31328652003 -0.296161913852
19.6996996996997 3.09395705937 -7.29380768729 3.3073136052 -0.301372026481
19.71971971971972 2.9468420119 -7.39969072103 3.30118548352 -0.311689008331
19.73973973973974 2.79780204512 -7.48626694342 3.29479856037 -0.327250923971
19.75975975975976 2.64721404814 -7.5544976131 3.28804629294 -0.348214942577
19.77977977977978 2.49543580629 -7.60532725752 3.28081878801 -0.374758536284
19.7997997997998 2.34280650754 -7.63966686813 3.27300239485 -0.407079639704
19.81981981981982 2.18964760911 -7.65838093389 3.26447930952 -0.445395469957
19.83983983983984 2.03626363755 -7.66227385868 3.25512718139 -0.489941563607
19.85985985985986 1.88294366453 -7.65208575116 3.24481882394 -0.54096763133
19.87987987987988 1.72996302995 -7.6284894744 3.23342188626 -0.598732917537
19.8998998998999 1.57758393587 -7.59208414317 3.22079881668 -0.663502993838
19.91991991991992 1.42605746912 -7.5433995196 3.20680671456 -0.735542668199
19.93993993993994 1.27562465737 -7.48289693402 3.19129745608 -0.815110304474
19.95995995995996 1.1265180691 -7.41097607401 3.17411782814 -0.902450096849
19.97997997997998 0.978962708719 -7.32798077662 3.15510997718 -0.997785026201
20.0 0.833177278253 -7.23420863134 3.13411184005 -1.10130843949
