0.0 0.7 0.0 0.1 0.0
0.2002002002002002 0.687659623007 -0.121779098774 0.116137292815 0.159048977111
0.4004004004004004 0.652240206036 -0.228656822361 0.162423670403 0.299306666432
0.6006006006006006 0.597761459084 -0.310845306166 0.234060612289 0.410915517687
0.8008008008008008 0.529839569589 -0.362260980219 0.324591670239 0.487226749787
1.001001001001001 0.454932996114 -0.38049654257 0.426553191979 0.524769048623
1.2012012012012012 0.379666699445 -0.366170184406 0.532066270112 0.522778384523
1.4014014014014013 0.310297065551 -0.322257484891 0.633332189324 0.482770638621
1.6016016016016017 0.252279639811 -0.253759898513 0.723070468851 0.408410676484
1.8018018018018018 0.209870891865 -0.16765275844 0.794955255079 0.305582563595
2.002002002002002 0.185741017513 -0.0727569621278 0.844058534366 0.182323644223
2.2022022022022023 0.180652361856 0.0208326690037 0.867237682331 0.0482967469978
2.4024024024024024 0.193308144177 0.102861157826 0.863362385816 -0.0862680063986
2.6026026026026026 0.220459063252 0.164310544517 0.833296498819 -0.211899405547
2.8028028028028027 0.257280189043 0.198625733633 0.779624122517 -0.321040015161
3.003003003003003 0.29794395873 0.20240783589 0.706192302281 -0.408685980767
3.2032032032032034 0.336269914178 0.175501373747 0.617584989742 -0.472449202936
3.4034034034034035 0.366344550298 0.120648209785 0.51862817085 -0.512226023278
3.6036036036036037 0.38304883552 0.0429468147016 0.41397885997 -0.529730243028
3.803803803803804 0.382471403605 -0.0507360660492 0.307805818404 -0.528059489586
4.004004004004004 0.362201635781 -0.152381726617 0.203550607157 -0.511320588684
4.2042042042042045 0.321493677639 -0.253496952001 0.103762511103 -0.484254040974
4.404404404404405 0.261288124677 -0.345852679095 0.010014130359 -0.451797663342
4.604604604604605 0.184085309112 -0.42221016923 -0.0770892885694 -0.418593620954
4.804804804804805 0.0936839914755 -0.476921614855 -0.157801604622 -0.388507346477
5.005005005005005 -0.00518016724935 -0.506319413779 -0.233039741007 -0.364247450724
5.205205205205205 -0.107250927459 -0.508882449062 -0.304127427782 -0.347147129407
5.405405405405405 -0.207182752189 -0.485227244928 -0.372512632835 -0.337120918945
5.605605605605605 -0.299958056534 -0.437985789513 -0.439492297325 -0.332775181374
5.8058058058058055 -0.381271278258 -0.371596806944 -0.505971897541 -0.331639855941
6.006006006006006 -0.447861272473 -0.29199239488 -0.572281076269 -0.3304928693
6.206206206206206 -0.497767578217 -0.206146337312 -0.638061318969 -0.325750652302
6.406406406406407 -0.530481421309 -0.121477233404 -0.702235817368 -0.313892580321
6.606606606606607 -0.546966014038 -0.045150992335 -0.763064444915 -0.291879925704
6.806806806806807 -0.549534134251 0.0166299161425 -0.818278759746 -0.257530314148
7.007007007007007 -0.541590443633 0.0592531748877 -0.865284919641 -0.209818400176
7.207207207207207 -0.527263441043 0.0801611713615 -0.901417708797 -0.149082113665
7.407407407407407 -0.510965064337 0.0791016671353 -0.924224591928 -0.0771114179005
7.607607607607608 -0.496924325602 0.0581340325107 -0.931753077457 0.00291273797022
7.807807807807808 -0.488745324755 0.0213791067566 -0.922808164481 0.0866601123674
8.008008008008009 -0.489039677803 -0.0254669102151 -0.89714284732 0.169074192212
8.208208208208209 -0.499174540901 -0.0757846793727 -0.855549817459 0.244921671407
8.408408408408409 -0.519158415613 -0.122736373175 -0.799839187177 0.309362694824
8.608608608608609 -0.547663361941 -0.159904456469 -0.732709621309 0.358426822109
8.80880880880881 -0.582161842791 -0.181793646964 -0.657540161029 0.389324837765
9.00900900900901 -0.619150098593 -0.184200375037 -0.578136236597 0.40060174229
9.20920920920921 -0.654437120795 -0.164505877021 -0.498455865528 0.392192972832
9.40940940940941 -0.683488065898 -0.121942022382 -0.422328578711 0.365451280706
9.60960960960961 -0.701818791095 -0.0578095405731 -0.353169837631 0.323159440629
9.80980980980981 -0.705420435391 0.0244578698688 -0.293698484545 0.269472797656
10.01001001001001 -0.691169146631 0.119517132606 -0.24568069543 0.20969895797
10.21021021021021 -0.657156037895 0.220698546076 -0.20973988633 0.14985485331
10.41041041041041 -0.602869604336 0.320871061444 -0.185275391987 0.0960364677633
10.61061061061061 -0.529193699571 0.413371448702 -0.170515681417 0.0537363091107
10.81081081081081 -0.438235648085 0.492734986511 -0.162698719513 0.0272801901863
11.01101101101101 -0.333043069692 0.55505877612 -0.158342905974 0.0194986907042
11.21121121121121 -0.217286444293 0.597998669387 -0.153558535653 0.0316400323251
11.411411411411411 -0.0949679076212 0.620538975154 -0.144358990882 0.0634435627887
11.611611611611611 0.0298170232491 0.622721384918 -0.126950274501 0.113267403622
11.811811811811811 0.153071031798 0.605467216323 -0.0979954517539 0.178204557567
12.012012012012011 0.271064009881 0.570524002528 -0.0548573931721 0.254190478204
12.212212212212211 0.380499016812 0.520472212481 0.00418359337348 0.336159443956
12.412412412412412 0.478676611767 0.458683314176 0.0797544376076 0.418317889991
12.612612612612613 0.563637944425 0.389141738592 0.171282925373 0.494558349657
12.812812812812814 0.634256883255 0.316116831287 0.276985023498 0.558971812292
13.013013013013014 0.690255978309 0.243745535632 0.39395694761 0.606361010783
13.213213213213214 0.732138582184 0.175631281194 0.51836086466 0.632645866671
13.413413413413414 0.761050222528 0.114548816568 0.645674949186 0.635096318999
13.613613613613614 0.778594951746 0.062289127128 0.770972362683 0.612396062666
13.813813813813814 0.786632998604 0.0196204570662 0.889200807803 0.564595421536
14.014014014014014 0.787078082414 -0.0136817108513 0.99544755788 0.493021716477
14.214214214214214 0.781704726112 -0.0387708233143 1.08518583321 0.400188690157
14.414414414414415 0.771971517565 -0.057628200437 1.15450281552 0.289696764466
14.614614614614615 0.758870964294 -0.0728926404844 1.20030333606 0.166082000861
14.814814814814815 0.742823350121 -0.0875870459957 1.22047424034 0.0345682226402
15.015015015015015 0.723636051035 -0.10474098452 1.21398812856 -0.0992905658756
15.215215215215215 0.700545328636 -0.126960723081 1.18092684555 -0.230037724438
15.415415415415415 0.672341472716 -0.15603132819 1.12241967573 -0.352737309665
15.615615615615615 0.637564262284 -0.19264503852 1.04050235507 -0.46330893978
15.815815815815816 0.594733256243 -0.236309932885 0.937924591842 -0.558722695266
16.016016016016017 0.542578646449 -0.285444121732 0.817932474213 -0.637045092476
16.216216216216218 0.480237495637 -0.337611045341 0.684054874748 -0.697365601281
16.416416416416418 0.407394880944 -0.389827589018 0.539912380395 -0.739649723286
16.616616616616618 0.324361315424 -0.438879395603 0.389059641659 -0.764559527287
16.816816816816818 0.232090475959 -0.481596023871 0.234864464327 -0.773269518349
17.017017017017018 0.132147843093 -0.515065818803 0.0804230626413 -0.767290682432
17.217217217217218 0.0266424113859 -0.536795147866 -0.0714909030475 -0.748306572931
17.41741741741742 -0.0818697777516 -0.544828122986 -0.218445446815 -0.718024990219
17.61761761761762 -0.190503632105 -0.537850129915 -0.358341933041 -0.678049451837
17.81781781781782 -0.296183497359 -0.515290228489 -0.489383670003 -0.629777607526
18.01801801801802 -0.395802490595 -0.477423233744 -0.610027321894 -0.574335803521
18.21821821821822 -0.486400767239 -0.425454488509 -0.718925715014 -0.512557211962
18.41841841841842 -0.565356432956 -0.361555816277 -0.814870804051 -0.445006813586
18.61861861861862 -0.630575756585 -0.288811487656 -0.896746447834 -0.372054583037
18.81881881881882 -0.680660139124 -0.211042821526 -0.963500406869 -0.293989535746
19.01901901901902 -0.715025811972 -0.132507644749 -1.01414176502 -0.211160999471
19.21921921921922 -0.733952026918 -0.0574971769409 -1.04776830317 -0.124130629322
19.41941941941942 -0.738543374881 0.010109614449 -1.06362335212 -0.0338120797829
19.61961961961962 -0.730604469274 0.0672585961111 -1.06117750979 0.058425569367
19.81981981981982 -0.712441959297 0.112027716907 -1.04022542205 0.1507122667
20.02002002002002 -0.686619885552 0.14378083637 -1.0009845875 0.240704299316
20.22022022022022 -0.655700701598 0.163152241241 -0.944181030099 0.325689338835
20.42042042042042 -0.622005488083 0.171882282739 -0.871106761109 0.4027582278
20.62062062062062 -0.587418110487 0.172548553745 -0.783638209833 0.46901962914
20.82082082082082 -0.55324907462 0.168245452861 -0.684209991684 0.521826049395
21.02102102102102 -0.520164771424 0.16225907977 -0.575744653572 0.55898151507
21.22122122122122 -0.488179826638 0.157769240335 -0.461544748881 0.578911322352
21.42142142142142 -0.456705280537 0.157584622782 -0.345154600783 0.580793412647
21.62162162162162 -0.424646575107 0.163911405305 -0.230199351759 0.564656553507
21.82182182182182 -0.390544743638 0.178153521789 -0.120207069607 0.531451189738
22.02202202202202 -0.352753507117 0.2007572966 -0.0184199085372 0.483085160708
22.22222222222222 -0.309640732038 0.231129578588 0.0723964538442 0.422399974556
22.42242242242242 -0.259795922229 0.267664362187 0.150129989334 0.353055874575
22.62262262262262 -0.202219588627 0.307898281583 0.213465455661 0.279305406633
22.822822822822822 -0.136469328758 0.348781339202 0.261971507956 0.205665675166
23.023023023023022 -0.0627444425844 0.387010786604 0.296115910668 0.136536092733
23.223223223223222 0.0180967164996 0.419355938791 0.317204314756 0.0758304668968
23.423423423423422 0.104578207347 0.4429106164 0.327252237119 0.0266889501411
23.623623623623622 0.194688619568 0.455250036513 0.328810782975 -0.00869748111539
23.823823823823822 0.285986608657 0.454514772955 0.324768113049 -0.0291577515935
24.024024024024023 0.375720162141 0.439471703464 0.318144317545 -0.0345417373235
24.224224224224223 0.460959927451 0.409600181855 0.311889580529 -0.025692361473
24.424424424424423 0.538753812548 0.365217811987 0.308688899619 -0.00440884957772
24.624624624624623 0.60630855844 0.307612158535 0.310775754222 0.0266101715847
24.824824824824823 0.661192142211 0.239104500366 0.319762102331 0.0638800639333
25.025025025025027 0.701535425733 0.162968193926 0.33649995736 0.103337193645
25.225225225225227 0.726198989723 0.0831594755001 0.360995100733 0.140651293885
25.425425425425427 0.734868818297 0.00388635045699 0.392391628853 0.171611762642
25.625625625625627 0.728056597148 -0.0708926834405 0.429035786051 0.192519760922
25.825825825825827 0.70700293317 -0.137919962266 0.468612239033 0.2005098923
26.026026026026027 0.6735035489 -0.19494271693 0.508333234117 0.193749936531
26.226226226226228 0.62969336879 -0.24082957195 0.545154289647 0.171509015312
26.426426426426428 0.577824753427 -0.275517424619 0.575992397631 0.13411952918
26.626626626626628 0.520068902847 -0.299846940291 0.59792936321 0.0828754243743
26.826826826826828 0.45835651104 -0.315341344833 0.608391167443 0.01989692312
27.027027027027028 0.394264970161 -0.323966365621 0.605298088677 -0.0520260419652
27.227227227227228 0.328953974999 -0.327888951895 0.587181261555 -0.129613234959
27.42742742742743 0.263149171321 -0.329239077568 0.553260525879 -0.209301734574
27.62762762762763 0.197172683397 -0.329881350828 0.503478158011 -0.287476919027
27.82782782782783 0.131017161657 -0.331211981518 0.438485481911 -0.360708363363
28.02802802802803 0.0644561030464 -0.334003599451 0.359584029572 -0.425962885084
28.22822822822823 -0.00282143889053 -0.338319634661 0.268628690981 -0.480767340101
28.42842842842843 -0.0710671010491 -0.343510732891 0.167904871498 -0.523303596152
28.62862862862863 -0.140337094111 -0.348292648196 0.0599939275639 -0.552432078523
28.82882882882883 -0.210378765145 -0.350893929792 -0.052359765616 -0.567652510589
29.02902902902903 -0.280552368033 -0.349255408163 -0.166368788705 -0.569018023511
29.22922922922923 -0.349796285788 -0.341262188821 -0.279302375909 -0.557020967088
29.42942942942943 -0.416640427071 -0.324989757283 -0.388561857402 -0.532467668407
29.62962962962963 -0.479268904241 -0.298946224936 -0.491731125494 -0.496356745939
29.82982982982983 -0.535628848068 -0.262290520758 -0.586604294698 -0.44977335813
30.03003003003003 -0.583578810464 -0.215002269407 -0.671194518834 -0.393809576381
30.23023023023023 -0.62106411549 -0.157976681485 -0.743730128751 -0.329518392372
30.43043043043043 -0.646301490996 -0.0930178718581 -0.802645300011 -0.257905940295
30.63063063063063 -0.657950981372 -0.0227219691709 -0.846572994397 -0.179959027266
30.83083083083083 -0.655253514198 0.0497496492003 -0.874346473049 -0.0967035034429
31.03103103103103 -0.638114362749 0.120976764048 -0.885014639231 -0.00928128101461
31.23123123123123 -0.60712109133 0.18762055793 -0.877873396723 0.0809689549532
31.43143143143143 -0.563494386809 0.246742973952 -0.852512209903 0.17244420109
31.63163163163163 -0.508981523317 0.296055702203 -0.808871399463 0.263239022891
31.83183183183183 -0.445709579986 0.334067718808 -0.747303109676 0.35114955893
32.032032032032035 -0.376020251897 0.360122968323 -0.668626588866 0.433726287622
32.232232232232235 -0.302307286184 0.374343091686 -0.574168095082 0.508373233018
32.432432432432435 -0.226872248698 0.377503927065 -0.465777138531 0.572483327099
32.632632632632635 -0.151808494814 0.370880239941 -0.345813667301 0.623592139392
32.832832832832835 -0.0789174651455 0.356087894191 -0.217103767419 0.659530547619
33.033033033033036 -0.00965491293115 0.334944618953 -0.0828669612199 0.678558000145
33.233233233233236 0.0548975400598 0.309352022536 0.0533808693026 0.679469344264
33.433433433433436 0.114038783217 0.281194070541 0.187942965708 0.661673453486
33.633633633633636 0.167435040947 0.252239521181 0.317070526246 0.62524982231
33.833833833833836 0.215086505582 0.224038978818 0.437101268086 0.570988505005
34.034034034034036 0.257273237429 0.197816308855 0.544604280304 0.500414219034
34.234234234234236 0.294478551321 0.174366491965 0.636527685521 0.415784509592
34.434434434434436 0.327295769879 0.153984693357 0.710341759851 0.320046635163
34.63463463463464 0.356325443207 0.136451006064 0.764167826829 0.216734209085
34.83483483483484 0.38207671008 0.121088265063 0.796879547708 0.109795240496
35.03503503503504 0.404887514491 0.106890941021 0.808163532699 0.00335982052197
35.23523523523524 0.424876246693 0.0926998803693 0.798529357228 -0.0985233273674
35.43543543543544 0.441929285578 0.0773868147634 0.769267373362 -0.192144005033
35.63563563563564 0.455723460986 0.0600082579909 0.72235872901 -0.274341089067
35.83583583583584 0.465773915324 0.0399031073386 0.660350113607 -0.342642609702
36.03603603603604 0.471495199937 0.0167293809535 0.586208033447 -0.395332446469
36.23623623623624 0.472264740367 -0.00954638565928 0.503165864966 -0.431458282797
36.43643643643644 0.467481325079 -0.0386837536433 0.414573286624 -0.450804474941
36.63663663663664 0.45661611525 -0.0702061345005 0.323752821054 -0.45385028141
36.83683683683684 0.439256738442 -0.103430830505 0.233865335881 -0.441723343668
37.03703703703704 0.415146101199 -0.13749369425 0.147785386441 -0.416145316104
37.23723723723724 0.384215811722 -0.171379589755 0.0679894652368 -0.379357788196
37.43743743743744 0.346611929414 -0.203971278811 -0.00353811790118 -0.334015653687
37.63763763763764 0.302708580407 -0.234122876585 -0.0653744408796 -0.283041919376
37.83783783783784 0.253104420731 -0.260752392856 -0.116693789848 -0.229451299547
38.03803803803804 0.198600336173 -0.2829369742 -0.157267459726 -0.176161206
38.23823823823824 0.140159341316 -0.299990617734 -0.187426127848 -0.125814864052
38.43843843843844 0.0788541553662 -0.311506584114 -0.207990001186 -0.0806398693298
38.63863863863864 0.0158106692913 -0.317356295811 -0.220175565596 -0.0423575996466
38.83883883883884 -0.0478442165629 -0.317649459134 -0.225489708378 -0.0121447314438
39.03903903903904 -0.111024136405 -0.312669159664 -0.225620486406 0.00936144548719
39.23923923923924 -0.1727106896 -0.302799535346 -0.222332307068 0.0220276785591
39.43943943943944 -0.231967065232 -0.288462379201 -0.217370043751 0.0261740965943
39.63963963963964 -0.287940778207 -0.270072910065 -0.21237361006 0.0225184516131
39.83983983983984 -0.339859850595 -0.248018359418 -0.208804171014 0.0121207215222
40.04004004004004 -0.387026714253 -0.222655746066 -0.207881032125 -0.0036728343918
40.24024024024024 -0.42881303876 -0.1943219844 -0.210530229585 -0.0232890354762
40.44044044044044 -0.464657097106 -0.163347769227 -0.217345607773 -0.0449946981675
40.64064064064064 -0.49406369592 -0.130068354231 -0.228564312858 -0.0669728236065
40.84084084084084 -0.51660562618 -0.0948277719132 -0.244058336564 -0.0874070346605
41.04104104104104 -0.531925302564 -0.0579768207357 -0.263343411452 -0.104569341948
41.24124124124124 -0.539735643091 -0.0198682227669 -0.285605260013 -0.116904212324
41.44144144144144 -0.53982008714 0.0191463282798 -0.309741656296 -0.123101337213
41.64164164164164 -0.532032557971 0.058713298004 -0.334417381117 -0.122151087572
41.84184184184184 -0.516298746164 0.098466918102 -0.358128278777 -0.113379465891
42.04204204204204 -0.492620156232 0.138012397488 -0.379270241029 -0.0964628162457
42.24224224224224 -0.46108187068 0.17690622053 -0.396209344434 -0.0714254165482
42.44244244244244 -0.42186419332 0.214638041848 -0.407350208335 -0.0386244558703
42.64264264264264 -0.375257382938 0.250618531178 -0.411200415543 0.00127250646992
42.84284284284284 -0.321677943603 0.284175990577 -0.40643009641 0.047313762401
43.04304304304304 -0.261684636069 0.314562845268 -0.391926038237 0.0982914174686
43.24324324324324 -0.195992250778 0.340971344019 -0.366840069454 0.152770600139
43.44344344344344 -0.125481399083 0.362556986474 -0.33063138539 0.209121191287
43.64364364364364 -0.0512030145211 0.378468164402 -0.283102097467 0.265554041973
43.84384384384384 0.025623645809 0.387881138734 -0.224424913489 0.320163676206
44.04404404404404 0.103620490734 0.390040646413 -0.155161590045 0.370978598161
44.24424424424424 0.181269026251 0.384307360051 -0.0762703489266 0.416019196234
44.44444444444444 0.256938876724 0.370212998585 0.0108986998835 0.453361384667
44.64464464464464 0.328928213772 0.347522685976 0.104621388955 0.481203408663
44.84484484484484 0.395516956571 0.316300820026 0.202830565404 0.49793242278
45.04504504504504 0.455033271391 0.276972843308 0.30316057629 0.502187718982
45.24524524524524 0.505930579796 0.230370999753 0.403003364641 0.492918452439
45.44544544544544 0.54687129409 0.177750207089 0.499575856079 0.4694350986
45.645645645645644 0.576809492311 0.120760562879 0.589996963101 0.431455169937
45.845845845845844 0.595062970125 0.0613680795584 0.671373271873 0.379144626798
46.046046046046044 0.601364324874 0.00172372066856 0.740892686742 0.313155955404
46.246246246246244 0.595881148522 -0.0560077955801 0.795925297788 0.234661770405
46.446446446446444 0.579199992352 -0.109836922364 0.834130144938 0.145378687034
46.646646646646644 0.552273154014 -0.158126721991 0.853564993713 0.0475718697958
46.846846846846844 0.516333671368 -0.199726852004 0.852793978219 -0.0559733246483
47.047047047047045 0.47279000483 -0.234039520021 0.830985212227 -0.162025506846
47.247247247247245 0.423115494254 -0.261005246857 0.787988164872 -0.267034616626
47.447447447447445 0.368748286413 -0.281015501219 0.72438063143 -0.36730754674
47.647647647647645 0.311014300523 -0.294774522408 0.641476956746 -0.459214828919
47.847847847847845 0.251080160162 -0.303143644182 0.541294063723 -0.539401095118
48.048048048048045 0.189936227238 -0.307002217856 0.42647742967 -0.604969646923
48.248248248248245 0.128403747075 -0.307147798583 0.300194573736 -0.653620242781
48.448448448448445 0.0671572411047 -0.304243604066 0.166006473676 -0.683731733689
48.648648648648646 0.00675325295295 -0.298805043726 0.0277275552198 -0.694395764747
48.848848848848846 -0.0523407027962 -0.291208364387 -0.110717390111 -0.685415983409
49.049049049049046 -0.109719614391 -0.281703369706 -0.24543398528 -0.657288418533
49.249249249249246 -0.165016370088 -0.27041895452 -0.372694125692 -0.611172738429
49.449449449449446 -0.217877396078 -0.257360972892 -0.489065264695 -0.548854544833
49.649649649649646 -0.267937845126 -0.24241148222 -0.59153057253 -0.472690625315
49.849849849849846 -0.314797860276 -0.225342729183 -0.677595636276 -0.385526175303
50.050050050050054 -0.358004110745 -0.205857694315 -0.745374892993 -0.290574884163
50.250250250250254 -0.397042406176 -0.183659497112 -0.793650331807 -0.191262965857
50.450450450450454 -0.431346443213 -0.158540244361 -0.821896275447 -0.0910491708001
50.650650650650654 -0.460324660283 -0.130469808144 -0.830267497535 0.00675806822911
50.850850850850854 -0.483403241801 -0.0996605840845 -0.819551926298 0.0991614452658
51.051051051051054 -0.500077441826 -0.06659148153 -0.791096114369 0.183596254529
51.251251251251254 -0.509963308523 -0.0319820192212 -0.746710390996 0.258001686375
51.451451451451454 -0.512839472282 0.00327808506107 -0.688564901907 0.320844516191
51.651651651651655 -0.508671505814 0.0382286766213 -0.619084830091 0.37110536209
51.851851851851855 -0.497615246672 0.0719468171212 -0.540850905166 0.40824272959
52.052052052052055 -0.479999412119 0.103642414169 -0.456508154438 0.432148136248
52.252252252252255 -0.456291628603 0.132726243791 -0.368683658825 0.443102525279
52.452452452452455 -0.427054363622 0.158842437738 -0.279912466334 0.441738673081
52.652652652652655 -0.392897952872 0.181865375023 -0.192570411122 0.429009380885
52.852852852852855 -0.354437361808 0.201867038077 -0.108813004952 0.406157812401
53.053053053053056 -0.31225762438 0.219064750184 -0.0305204957362 0.374684632139
53.253253253253256 -0.26689077652 0.233760378399 0.0407497284209 0.336306737036
53.453453453453456 -0.218804986534 0.246280779376 0.103801301384 0.2929041407
53.653653653653656 -0.168404824231 0.256926232788 0.157825258527 0.246454489631
53.853853853853856 -0.116040907238 0.26593036709 0.202412022466 0.198957471236
54.054054054054056 -0.0620262447283 0.273431103035 0.23754790272 0.152354774214
54.254254254254256 -0.00665753770947 0.279450522451 0.263595581597 0.108452070277
54.454454454454456 0.0497601487199 0.283881196261 0.281259712034 0.0688494240614
54.65465465465466 0.106886525508 0.286477704415 0.291539854271 0.0348847503814
54.85485485485486 0.164318115585 0.286854564724 0.295673576312 0.00759203604417
55.05505505505506 0.221560805973 0.284494239577 0.295072573712 -0.0123269311855
55.25525525525526 0.278005427246 0.278770318237 0.291254216334 -0.024520579121
55.45545545545546 0.332909928503 0.26899070171 0.285770202264 -0.0289991383321
55.65565565565566 0.385392384314 0.254462872908 0.280133304683 -0.026142188978
55.85585585585586 0.434439129835 0.234578693121 0.275743023374 -0.0167017123761
56.05605605605606 0.478931166339 0.208910024453 0.273811394853 -0.00179645033647
56.25625625625626 0.517689590278 0.177300785526 0.275291396949 0.017109669962
56.45645645645646 0.549537667064 0.139937852312 0.280811953736 0.0382532459957
56.65665665665666 0.573373516395 0.0973840090772 0.29062501983 0.0596473148739
56.85685685685686 0.58824471708 0.0505619925096 0.304571084444 0.0791883187689
57.05705705705706 0.593414546621 0.000689926459692 0.322068610507 0.094786733554
57.25725725725726 0.588411426938 -0.0508208600948 0.342130871531 0.10450779495
57.45745745745746 0.573055678462 -0.10248562265 0.363410564052 0.106704703732
57.65765765765766 0.547462482207 -0.152861219111 0.384268946872 0.100128469713
57.85785785785786 0.512023892082 -0.200637404509 0.402863684829 0.0840037592893
58.05805805805806 0.467375851374 -0.244694640861 0.417248223744 0.0580684619833
58.25825825825826 0.414357094708 -0.284128125597 0.425475765635 0.0225813107177
58.45845845845846 0.353966080896 -0.318244838623 0.425702210914 -0.0216947438416
58.65865865865866 0.287320380792 -0.346543429389 0.416284016683 -0.0735260435709
58.85885885885886 0.215621120691 -0.368685453141 0.39586793157 -0.131254889568
59.05905905905906 0.140123501441 -0.384463823258 0.363470178735 -0.192859006027
59.25925925925926 0.0621136738881 -0.393771087954 0.318542282164 -0.256026118059
59.45945945945946 -0.0171081187552 -0.396569028112 0.261020217615 -0.318245745905
59.65965965965966 -0.0962386107833 -0.392861993 0.191353445545 -0.376916767307
59.85985985985986 -0.17397798148 -0.382677950948 0.110511488553 -0.42946547359
60.06006006006006 -0.249033848532 -0.366063300233 0.0199663960664 -0.473465134351
60.26026026026026 -0.320125847854 -0.343096182346 -0.0783480500869 -0.506746319894
60.46046046046046 -0.385995156301 -0.313920833198 -0.182097298644 -0.52748819169
60.66066066066066 -0.44542268173 -0.278799260965 -0.288622980833 -0.534285586509
60.86086086086086 -0.497258538877 -0.238170978571 -0.395030698271 -0.526190952648
61.06106106106106 -0.540463132873 -0.192706365888 -0.498283897483 -0.502735065143
61.26126126126126 -0.574157119617 -0.143337721423 -0.595300817949 -0.46393357541
61.46146146146146 -0.597673825533 -0.0912528047497 -0.683051252408 -0.410286029266
61.66166166166166 -0.610606130203 -0.0378445735394 -0.758653179715 -0.342773422254
61.86186186186186 -0.612838907966 0.0153815282694 -0.819468928634 -0.26285485651
62.06206206206206 -0.604559622843 0.0669291621932 -0.86320022194 -0.172459706588
62.26226226226226 -0.586243602408 0.11544012345 -0.887980560714 -0.0739669720835
62.46246246246246 -0.558614675251 0.159805815942 -0.892461305587 0.02983884255
62.66266266266266 -0.522587245626 0.199238511419 -0.875885748164 0.13584482514
62.86286286286286 -0.479199321933 0.233289584962 -0.838144025883 0.240723737022
63.06306306306306 -0.429547257171 0.261815305027 -0.779801848247 0.341080425865
63.26326326326326 -0.374731559101 0.284903489364 -0.702097707598 0.433617132925
63.46346346346346 -0.31581949581 0.30278323055 -0.606906718672 0.51529790589
63.66366366366366 -0.253825492184 0.315740952498 -0.496673298414 0.583491961831
63.86386386386386 -0.189706167077 0.324060205893 -0.374318815118 0.636080915952
64.06406406406407 -0.124364399579 0.327991805837 -0.243131617789 0.671524757224
64.26426426426427 -0.0586565206928 0.327750732601 -0.106647869756 0.688890118045
64.46446446446447 0.00660156753541 0.323529564024 0.0314705826292 0.687850083272
64.66466466466467 0.0706317147717 0.31551505449 0.167555597601 0.668667868579
64.86486486486487 0.132693542755 0.303898579667 0.298048870271 0.632172434699
65.06506506506507 0.192085601411 0.288877126065 0.419612242972 0.579728375595
65.26526526526527 0.248145990591 0.270647688217 0.529231197328 0.513196815477
65.46546546546547 0.300251807348 0.249402570844 0.624309120714 0.434880442612
65.66566566566567 0.3478184597 0.225333757102 0.702748157024 0.347445426573
65.86586586586587 0.390301100188 0.198650627442 0.763012427934 0.253818258402
66.06606606606607 0.427200990838 0.169610617282 0.804167531628 0.157059223351
66.26626626626627 0.458078679577 0.138554265579 0.825893665922 0.060224361977
66.46646646646647 0.482573590169 0.105932813546 0.828471200871 -0.0337703120028
66.66666666666667 0.500427535935 0.0723151625023 0.812739716925 -0.122266112545
66.86686686686687 0.51150654149 0.0383686710088 0.780037925157 -0.202951292345
67.06706706706707 0.515816377592 0.00481179841751 0.732127518138 -0.273917153674
67.26726726726727 0.513506253781 -0.0276529665854 0.671109795896 -0.333682454908
67.46746746746747 0.504858220436 -0.0584130016525 0.599339544255 -0.381194466265
67.66766766766767 0.490262385124 -0.0870107726346 0.519340445 -0.415815917726
67.86786786786787 0.470181005865 -0.113187085641 0.433723501654 -0.437307263888
68.06806806806807 0.445107195537 -0.136893752904 0.345109450862 -0.4458108306
68.26826826826827 0.415524020473 -0.158273596572 0.256053357048 -0.441839173131
68.46846846846847 0.381870670742 -0.177611718358 0.168971424339 -0.42626597156
68.66866866866867 0.344520512836 -0.195266995622 0.0860693770279 -0.400314201529
68.86886886886887 0.30377395145 -0.21159789856 0.00927505020716 -0.365534363171
69.06906906906907 0.259865462755 -0.22689370151 -0.0598238734897 -0.323765488241
69.26926926926927 0.212983135745 -0.241322584012 -0.120031933547 -0.277073865632
69.46946946946947 0.163296118164 -0.254902261617 -0.170583212761 -0.227669677585
69.66966966966967 0.110985836485 -0.267492705172 -0.21116039713 -0.177805585999
69.86986986986987 0.0562768022776 -0.278806781887 -0.241892166244 -0.129666499361
70.07007007007007 -0.000535931973663 -0.288430363052 -0.263328806801 -0.0852625001437
70.27027027027027 -0.0590636013489 -0.295845024523 -0.276397583879 -0.0463352736838
70.47047047047047 -0.118804979448 -0.300449178078 -0.282341327477 -0.0142855017636
70.67067067067067 -0.17913176932 -0.301578473816 -0.282644831953 0.009876723636
70.87087087087087 -0.239278384622 -0.298530660789 -0.278953427485 0.0255611384002
71.07107107107107 -0.298337759125 -0.290602220934 -0.272987295883 0.0326117101865
71.27127127127127 -0.355266260518 -0.27714287186 -0.266453915888 0.0313118252345
71.47147147147147 -0.408901349609 -0.257628696825 -0.260960122601 0.0223825080499
71.67167167167167 -0.457995358667 -0.231747826072 -0.257925385971 0.006971663017
71.87187187187187 -0.501266527958 -0.199484481093 -0.258498691651 -0.0133727267578
72.07207207207207 -0.537465165728 -0.161182474818 -0.263483137376 -0.0367546378841
72.27227227227228 -0.565448787934 -0.117568942692 -0.273274214574 -0.0610150754329
72.47247247247248 -0.584256987749 -0.069726558428 -0.28781856334 -0.0838515672625
72.67267267267268 -0.593175431091 -0.0190137665474 -0.306599584133 -0.102964869777
72.87287287287288 -0.591779664571 0.0330538085954 -0.328653904271 -0.11621720948
73.07307307307308 -0.579953207246 0.0849372975446 -0.352618968825 -0.121781547676
73.27327327327328 -0.557879488199 0.135197956796 -0.37680798924 -0.118263005938
73.47347347347348 -0.526011930125 0.182589311274 -0.399305343913 -0.104780401709
73.67367367367368 -0.485029659604 0.226108105907 -0.418074010254 -0.0810053310248
73.87387387387388 -0.435787099815 0.265005363224 -0.431066978816 -0.0471642263243
74.07407407407408 -0.379264580401 0.298767096558 -0.436336189062 -0.00401314006095
74.27427427427428 -0.316524843518 0.327076757597 -0.432134450163 0.0472057461976
74.47447447447448 -0.24867799133 0.349769973273 -0.417007327415 0.1048203222
74.67467467467468 -0.176855690341 0.366788174495 -0.389872614877 0.166796296793
74.87487487487488 -0.10219449709 0.378134081642 -0.350084962326 0.230818003525
75.07507507507508 -0.0258277184694 0.383830576616 -0.297483046586 0.294383474873
75.27527527527528 0.0511149312981 0.383885394727 -0.232416166347 0.354912660313
75.47547547547548 0.1275015472 0.378266139163 -0.155748282979 0.409863029861
75.67567567567568 0.202188839922 0.366891708497 -0.0688390560409 0.456843836801
75.87587587587588 0.274013340011 0.3496461731 0.026497154527 0.493719056194
76.07607607607608 0.341787953127 0.326418236855 0.128051011935 0.518690324442
76.27627627627628 0.404308869307 0.297163963282 0.233292037546 0.530355301261
76.47647647647648 0.460376625231 0.261984372485 0.339451631502 0.527741547489
76.67667667667668 0.508833157575 0.221204330859 0.443610788392 0.510319809267
76.87687687687688 0.548613302469 0.175435369025 0.542788969556 0.478003852154
77.07707707707708 0.578805877013 0.125605656309 0.634032209076 0.431144163707
77.27727727727728 0.598716327551 0.0729447012718 0.714499862822 0.370521455987
77.47747747747748 0.607921559413 0.0189193593389 0.781550293038 0.297342504906
77.67767767767768 0.606307039366 -0.0348750263086 0.832825834377 0.213236949138
77.87787787787788 0.59407948265 -0.0868475953791 0.86633681193 0.120248854527
78.07807807807808 0.571752020552 -0.135549904573 0.88054253549 0.0208142632724
78.27827827827828 0.540103678502 -0.179790918262 0.874425658842 -0.0822851841414
78.47847847847848 0.500119685584 -0.218708716406 0.847554034205 -0.186000581941
78.67867867867868 0.452922873594 -0.251789385984 0.800123637268 -0.287127192441
78.87887887887888 0.399706414259 -0.278835458023 0.732976198481 -0.382443233032
79.07907907907908 0.341676681303 -0.299898798704 0.647587583707 -0.468862186047
79.27927927927928 0.280011616904 -0.315198633882 0.546025368754 -0.543580832708
79.47947947947948 0.215834880366 -0.325046863121 0.430879312812 -0.604205345425
79.67967967967968 0.150203148972 -0.329793675639 0.305169349528 -0.64884448464
79.87987987987988 0.0841017711556 -0.329798890608 0.172238684109 -0.676166349095
80.08008008008008 0.0184438393183 -0.325424181175 0.0356389066918 -0.685423408227
80.28028028028028 -0.0459303510225 -0.317036008322 -0.100987606379 -0.676454939058
80.48048048048048 -0.108254597731 -0.305008003626 -0.234024353129 -0.64967650777
80.68068068068068 -0.167837815186 -0.28971554 -0.359993684002 -0.606062503193
80.88088088088088 -0.224063157927 -0.271520756459 -0.475667870017 -0.547121602057
81.08108108108108 -0.276383295664 -0.250753914915 -0.578171311447 -0.47486004311
81.28128128128128 -0.324312544936 -0.227698915487 -0.665075417907 -0.391725096851
81.48148148148148 -0.367417242536 -0.20259263027 -0.734478965384 -0.300521178492
81.68168168168168 -0.405307754298 -0.175642610652 -0.785068669267 -0.204296815066
81.88188188188188 -0.437635731572 -0.147060525118 -0.816154836166 -0.106208363469
82.08208208208208 -0.46409898008 -0.117102542794 -0.827678202139 -0.00937232701865
82.28228228228228 -0.484453981585 -0.0861030418365 -0.820187458152 0.0832768547721
82.48248248248248 -0.498533435679 -0.0544883575375 -0.794790040526 0.169106991985
82.68268268268268 -0.506263740571 -0.0227642995609 -0.753082569737 0.245876701982
82.88288288288288 -0.507677435096 0.00852307313589 -0.697066597293 0.311787547618
83.08308308308308 -0.502915665565 0.0388444510045 -0.629057511796 0.365504085163
83.28328328328328 -0.49221884001 0.0677485422583 -0.5515917965 0.406151178608
83.48348348348348 -0.475905521139 0.0949128056368 -0.467336294056 0.433298297317
83.68368368368368 -0.45434325828 0.120171422345 -0.379001141445 0.446940607172
83.88388388388388 -0.427917009838 0.14351455372 -0.289256243126 0.447482301537
84.08408408408408 -0.397000262279 0.165059266232 -0.200650885894 0.435721743195
84.28428428428428 -0.361934470528 0.184999015144 -0.115536386093 0.4128352254
84.48448448448448 -0.323019871913 0.20354287406 -0.0359927615051 0.380351833452
84.68468468468468 -0.280517889091 0.220856701124 0.0362384440085 0.340113129447
84.88488488488488 -0.234665408845 0.237018371616 0.0998102373994 0.294208977971
85.08508508508508 -0.185694751496 0.251991935256 0.153812038028 0.244892565062
85.28528528528528 -0.133857269242 0.265622458674 0.197792063 0.194476460469
85.48548548548548 -0.0794465200913 0.277646670439 0.231758002931 0.145217689414
85.68568568568568 -0.0228180777264 0.287711657003 0.256154549152 0.0992064590601
85.88588588588588 0.035594435532 0.295393645864 0.271819547904 0.0582682406812
86.08608608608608 0.0952666634007 0.300212018417 0.279923618458 0.0238889018613
86.28628628628628 0.155573247384 0.301639519682 0.281896412744 -0.00283567556205
86.48648648648648 0.215779464661 0.299113538516 0.279345267881 -0.0212275912338
86.68668668668668 0.275036014805 0.292056472515 0.273970518807 -0.0310378713352
86.88688688688688 0.332379399447 0.279912680797 0.267479151734 -0.0324474736203
87.08708708708708 0.386741616821 0.262204861841 0.26149940223 -0.0260620111196
87.28728728728728 0.436972870015 0.238607006203 0.257496777045 -0.0128999838659
87.48748748748748 0.481879877916 0.209023106984 0.256693208551 0.00563074884559
87.68768768768768 0.520279034476 0.173654366487 0.259993168319 0.0277764851763
87.88788788788789 0.551060207448 0.133037392993 0.267921180067 0.0515088888073
88.08808808808809 0.573254273811 0.0880395794048 0.280576522717 0.0746278807856
88.28828828828829 0.586094951423 0.0398066761533 0.297611527692 0.0948924951166
88.48848848848849 0.589065658075 -0.0103296509346 0.318238012259 0.110167198219
88.68868868868869 0.581925581167 -0.0609665373681 0.341262955194 0.118566829079
88.88888888888889 0.564712214409 -0.110744119967 0.365151672056 0.118581324044
89.08908908908909 0.537723007489 -0.158438398375 0.388112615002 0.10916674771
89.28928928928929 0.501481607429 -0.203019972929 0.40819655409 0.0897967290507
89.48948948948949 0.456696105043 -0.243676290314 0.423402214569 0.0604769139842
89.68968968968969 0.404216088007 -0.279803698087 0.431781550491 0.0217304331204
89.88988988988989 0.344993321929 -0.310979193195 0.431540274829 -0.025437042613
90.09009009009009 0.280049272535 -0.336922352226 0.421129894766 -0.0795857558117
90.29029029029029 0.210450671699 -0.357455184925 0.399328661849 -0.138900604145
90.49049049049049 0.137292837372 -0.372463523585 0.365310214499 -0.20126106855
90.69069069069069 0.0616905164744 -0.381862001951 0.318696461625 -0.264323418442
90.89089089089089 -0.0152247707113 -0.38556423318 0.259593038404 -0.325615647273
91.09109109109109 -0.0923022089368 -0.383461057362 0.188604633092 -0.382642255515
91.29129129129129 -0.168365988497 -0.375411887066 0.106828851097 -0.432992400585
91.49149149149149 -0.242209651963 -0.36125457606 0.0158287893841 -0.474442956802
91.69169169169169 -0.312594624744 -0.340837790247 -0.0824137832435 -0.50504789421
91.89189189189189 -0.378257533544 -0.314075926548 -0.185561219062 -0.523207717876
92.09209209209209 -0.437930313219 -0.281020987596 -0.290994435918 -0.52771663259
92.29229229229229 -0.490375677903 -0.241940330233 -0.395894767625 -0.517788825489
92.49249249249249 -0.534437159531 -0.197383972906 -0.497329233468 -0.493069564589
92.69269269269269 -0.569100393477 -0.148224974441 -0.592337189573 -0.453637012453
92.89289289289289 -0.593558423451 -0.095658003832 -0.678016896284 -0.40000135733
93.09309309309309 -0.607271821021 -0.041148287146 -0.751612015328 -0.333105226313
93.29329329329329 -0.610013706251 0.0136671085135 -0.81059838032 -0.25432573476
93.49349349349349 -0.601891092447 0.0671125464177 -0.852771034313 -0.165474060881
93.69369369369369 -0.583338201404 0.117620035118 -0.876330308295 -0.0687848356831
93.89389389389389 -0.555081238335 0.163861940352 -0.879963972946 0.0331151262979
94.09409409409409 -0.518079605121 0.204844687014 -0.862920000516 0.137269319497
94.29429429429429 -0.473454456527 0.239948880057 -0.825063349244 0.24048938968
94.49449449449449 -0.422414453677 0.268912712373 -0.766909730121 0.339486912545
94.69469469469469 -0.366189790975 0.291769438731 -0.689630532766 0.431028044563
94.89489489489489 -0.305981837324 0.308759007414 -0.595025478989 0.512093664019
95.09509509509509 -0.242930685367 0.320238630663 -0.485465045234 0.580025057869
95.29529529529529 -0.17809931768 0.326610713957 -0.363806093263 0.632639416858
95.49549549549549 -0.112469692457 0.328278485174 -0.23328790497 0.668306890829
95.69569569569569 -0.0469446157314 0.325628842599 -0.0974170775931 0.685990374145
95.89589589589589 0.0176488557127 0.319032143892 0.0401526000383 0.685257024425
96.09609609609609 0.0805565832587 0.308847383242 0.175740741699 0.666271571012
96.29629629629629 0.141095284398 0.295422536436 0.305758431454 0.629779965922
96.49649649649649 0.198649567049 0.279085385181 0.426822413862 0.577086667451
96.69669669669669 0.252666323569 0.260127880776 0.53586380492 0.510021965922
96.89689689689689 0.302646125503 0.238791895562 0.630228997086 0.430892819398
97.09709709709709 0.348132582044 0.215265973454 0.707768037712 0.342407852775
97.29729729729729 0.388702761034 0.189701499467 0.766904581123 0.247570865745
97.49749749749749 0.423963021493 0.162246552947 0.80668249101 0.149549350319
97.69769769769769 0.453552810376 0.133091008155 0.826783849101 0.0515254510231
97.89789789789789 0.477157430317 0.102510220943 0.827516744005 -0.0434545930357
98.09809809809809 0.494528405268 0.0708911111307 0.809773882674 -0.132612856057
98.29829829829829 0.505505973668 0.0387311411713 0.774968597852 -0.213542083625
98.49849849849849 0.510038677801 0.00660706652735 0.724953273127 -0.284270914032
98.69869869869869 0.508193948379 -0.0248809231766 0.66192864805 -0.343293318978
98.89889889889889 0.500156054374 -0.0551767152481 0.588350073351 -0.389570100571
99.09909909909909 0.486210915046 -0.0838317405783 0.506835368966 -0.422513894938
99.29929929929929 0.466719405948 -0.110549932325 0.420076551011 -0.441967179337
99.49949949949949 0.442084739108 -0.135204976623 0.330755909497 -0.448181527787
99.69969969969969 0.412719277234 -0.157827102492 0.241465920894 -0.441799866519
99.89989989989989 0.379016773165 -0.178563572102 0.154632544817 -0.423839901357
100.10010010010011 0.341334476566 -0.197622271283 0.0724422000874 -0.395672863708
100.30030030030031 0.299986941187 -0.215210562467 -0.00322604748914 -0.358990614614
100.50050050050051 0.255251899663 -0.231481153566 -0.0708598615996 -0.315754014602
100.70070070070071 0.207385467086 -0.246494274868 -0.129360298861 -0.268119352847
100.90090090090091 0.156642569253 -0.260198858928 -0.178072115208 -0.218345541011
101.10110110110111 0.103299725708 -0.272431637202 -0.216793741367 -0.1686872209
101.30130130130131 0.047676513063 -0.282927854266 -0.245765413372 -0.121285108885
101.50150150150151 -0.00984555778106 -0.291336230206 -0.265635912326 -0.0780646462968
101.70170170170171 -0.0688071254761 -0.297232130786 -0.277410824805 -0.0406527258065
101.90190190190191 -0.128657317297 -0.300127417434 -0.282386317738 -0.0103172804386
102.10210210210211 -0.188741937746 -0.299479881976 -0.282073165695 0.0120700829684
102.30230230230231 -0.248294059408 -0.29470905665 -0.278115250995 0.0260529015746
102.50250250250251 -0.306429033703 -0.28522590549 -0.272205698894 0.0315963210599
102.70270270270271 -0.362147392137 -0.270481844435 -0.266002449513 0.0290860666201
102.90290290290291 -0.414349353149 -0.250036593763 -0.261044613251 0.0193219437876
103.10310310310311 -0.461864395732 -0.223638270618 -0.258670863998 0.00350279764237
103.30330330330331 -0.503497192767 -0.191301209275 -0.259942313888 -0.016804245873
103.50350350350351 -0.5380869393 -0.153363306196 -0.265573813194 -0.0397185182428
103.70370370370371 -0.564574965463 -0.110506872174 -0.275879158673 -0.0631309670166
103.90390390390391 -0.582071899063 -0.0637324579325 -0.29073647515 -0.0848201622634
104.10410410410411 -0.589914816282 -0.0142864709231 -0.309579425833 -0.102591515801
104.30430430430431 -0.587706329377 0.0364443247312 -0.331417286189 -0.114424515199
104.50450450450451 -0.57533089039 0.0870507555796 -0.35488383921 -0.118609633749
104.70470470470471 -0.552948135892 0.136208656842 -0.378311223745 -0.11385810339
104.90490490490491 -0.520967373352 0.182758260741 -0.399822077851 -0.0993745587963
105.10510510510511 -0.480009716757 0.225747550471 -0.417432325387 -0.0748908832777
105.30530530530531 -0.430865085502 0.264441142127 -0.429157249723 -0.0406664976099
105.50550550550551 -0.374450192178 0.298303316348 -0.433115006298 0.00253599187951
105.70570570570571 -0.311771631765 0.326965758043 -0.427623480706 0.0534917636944
105.90590590590591 -0.243896169115 0.35018918027 -0.411287721215 0.110566483425
106.10610610610611 -0.171928824365 0.367824515504 -0.38307573563 0.171779794588
106.30630630630631 -0.0969984868027 0.379776353747 -0.342380475184 0.234880888306
106.50650650650651 -0.0202505378601 0.385970129897 -0.28906527964 0.297437590945
106.70670670670671 0.0571544797055 0.386325230272 -0.223490210781 0.356937823646
106.90690690690691 0.13403774862 0.380738219953 -0.146517108247 0.410898551245
107.10710710710711 0.209197194909 0.369081551773 -0.0594929002808 0.456974273165
107.30730730730731 0.281404224562 0.351222882247 0.0357880409965 0.493056164613
107.50750750750751 0.349406579524 0.327067352688 0.137139802424 0.517353929937
107.70770770770771 0.411941932698 0.29662057031 0.242055201658 0.528455258404
107.90790790790791 0.467765356132 0.260062901489 0.347785382543 0.525363205845
108.10810810810811 0.515691491425 0.217822332644 0.451425135904 0.507514720179
108.30830830830831 0.554650296924 0.170628148428 0.550000491067 0.474785857203
108.50850850850851 0.583749827292 0.119529257589 0.64055659997 0.427491446946
108.70870870870871 0.602338242454 0.0658667304582 0.720245483982 0.36638416415
108.90890890890891 0.61005538957 0.0111966595516 0.786413708404 0.292655187458
109.10910910910911 0.606864527756 -0.0428281397073 0.836690300082 0.207934624364
109.30930930930931 0.593057764717 -0.0945992277201 0.869074122544 0.114285368436
109.50950950950951 0.569233086131 -0.142691803641 0.882018603162 0.014180893675
109.70970970970971 0.536245550036 -0.185976662015 0.87450987111 -0.0895437548629
109.90990990990991 0.495141069017 -0.223682774785 0.846131017338 -0.193775153236
110.11011011011011 0.447083000368 -0.255404255625 0.797106696898 -0.295240483704
110.31031031031031 0.393282807461 -0.281055266394 0.72832062207 -0.390654872146
110.51051051051051 0.334943550917 -0.300790436907 0.641301989084 -0.47688193042
110.71071071071071 0.273220882626 -0.314913969789 0.538179956052 -0.551087926992
110.91091091091091 0.209201466059 -0.3237995324 0.421609583541 -0.610871230384
111.11111111111111 0.143895072784 -0.327834915763 0.294675473834 -0.654355564528
111.31131131131131 0.0782349089775 -0.327394657639 0.160780324189 -0.680245020553
111.51151151151151 0.0130810359419 -0.322835094032 0.0235263985667 -0.687845716542
111.71171171171171 -0.0507764313264 -0.314499989942 -0.113405637742 -0.677064888721
111.91191191191191 -0.112615363311 -0.302725197884 -0.246375825947 -0.648397078798
112.11211211211211 -0.171779859765 -0.287834919335 -0.371900058205 -0.602903640858
112.31231231231232 -0.227676783849 -0.270129241083 -0.486761448147 -0.542184651148
112.51251251251252 -0.279769357799 -0.249869080363 -0.588113915121 -0.468337567926
112.71271271271272 -0.327568342455 -0.227267796872 -0.673575942265 -0.383894047161
112.91291291291292 -0.370622862719 -0.202497793092 -0.74130913827 -0.291729211274
113.11311311311312 -0.408514427229 -0.175716315437 -0.790075237107 -0.194941123612
113.31331331331332 -0.440857782782 -0.147105893994 -0.819266824768 -0.0967087836848
113.51351351351352 -0.46731046453 -0.116918652228 -0.828908503648 -0.000141927582525
113.71371371371372 -0.4875904128 -0.0855101181211 -0.819628722353 0.0918601049794
113.91391391391392 -0.501498290815 -0.0533485181718 -0.792604947647 0.176723306568
114.11411411411412 -0.50893831423 -0.0209957515287 -0.749490630079 0.252280754741
114.31431431431432 -0.509932842128 0.0109400001599 -0.692328165697 0.316817055319
114.51451451451452 -0.504625291413 0.0418689449731 -0.623456953989 0.36908103675
114.71471471471472 -0.493269636574 0.0712869437616 -0.545420995309 0.408277246154
114.91491491491492 -0.476207419138 0.0988299779456 -0.460879379735 0.434046585202
115.11511511511512 -0.453836411693 0.124303999869 -0.372521428069 0.446445218759
115.31531531531532 -0.426575924885 0.147684671879 -0.282985060053 0.445926023666
115.51551551551552 -0.394835453832 0.169087925255 -0.19477924225 0.433322908906
115.71571571571572 -0.358991368819 0.188718453353 -0.110209198709 0.409833591088
115.91591591591592 -0.319375311982 0.206807790667 -0.0313060723442 0.376994069797
116.11611611611612 -0.276274935853 0.223553903946 0.040237260879 0.336637355427
116.31631631631632 -0.22994581859 0.23907387176 0.103119651895 0.290831364596
116.51651651651652 -0.180630713315 0.253375283181 0.156470575755 0.241795459379
116.71671671671672 -0.128582718516 0.266347058561 0.199870661163 0.191799285675
116.91691691691692 -0.0740886430356 0.277765797825 0.233350870237 0.143052958502
117.11711711711712 -0.017490066555 0.287310344457 0.257369527071 0.0975999817516
117.31731731731732 0.0407986810152 0.294577186679 0.272769514309 0.0572238553129
117.51751751751752 0.100275300071 0.299093049967 0.280718497145 0.0233756103588
117.71771771771772 0.160336623311 0.300325173335 0.282637073176 -0.00287508875611
117.91791791791792 0.2202678866 0.297694318014 0.280119355395 -0.0208676853633
118.11811811811812 0.279235531827 0.290598116574 0.274849647459 -0.0303629291482
118.31831831831832 0.336286296471 0.278451485286 0.268517702332 -0.0315454243915
118.51851851851852 0.390356387087 0.260746960426 0.262734126882 -0.0250201963377
118.71871871871872 0.440294475996 0.237131087408 0.258947088316 -0.0118025380706
118.91891891891892 0.484900713098 0.207485784893 0.258362130649 0.00670417463908
119.11911911911912 0.522981169333 0.171997856226 0.261868330276 0.0287510548016
119.31931931931932 0.55341347523 0.131198535923 0.269975691215 0.0523146009829
119.51951951951952 0.575216113067 0.0859589585247 0.282769953382 0.0751995646951
119.71971971971972 0.587611978709 0.0374371050854 0.299890903848 0.0951699094931
119.91991991991992 0.590076886256 -0.0130161046271 0.320538816503 0.110095613535
120.12012012012012 0.582366761216 -0.0639736594517 0.343510371261 0.118097926094
120.32032032032032 0.564520985629 -0.11404889686 0.367261975173 0.117674394434
120.52052052052052 0.536844326803 -0.161990583015 0.389994818767 0.107790051936
120.72072072072072 0.499873158649 -0.206743839946 0.409754195972 0.0879291979725
120.92092092092092 0.454332964155 -0.247474364501 0.424535947414 0.0581102606206
121.12112112112112 0.401094630656 -0.28356137302 0.432391831917 0.0188711603287
121.32132132132132 0.341134081598 -0.31457057651 0.43153060398 -0.0287651287865
121.52152152152152 0.275498589772 -0.340216903229 0.420410444225 -0.0833387195972
121.72172172172172 0.205280869563 -0.360324583855 0.397820747396 -0.143011763398
121.92192192192192 0.131601170408 -0.374788537804 0.362950841044 -0.205638976534
122.12212212212212 0.0555966810804 -0.383538847041 0.315443495764 -0.268851115164
122.32232232232232 -0.0215823206956 -0.386509970469 0.255430246145 -0.330151882816
122.52252252252252 -0.0987708705846 -0.383617925082 0.183546213688 -0.387024949049
122.72272272272272 -0.174784389677 -0.374750493125 0.100923065727 -0.437044391927
122.92292292292292 -0.248413571638 -0.359776071668 0.00916026196911 -0.477979662585
123.12312312312312 -0.318423223912 -0.338575149478 -0.0897234402047 -0.507886296154
123.32332332332332 -0.383559836546 -0.311094599334 -0.193354722235 -0.525175646728
123.52352352352352 -0.442571714228 -0.277418396911 -0.299081921829 -0.528661881042
123.72372372372372 -0.494244119898 -0.237843726669 -0.404058649396 -0.517587678444
123.92392392392392 -0.537448656641 -0.192946028602 -0.505330533972 -0.49163410358
124.12412412412412 -0.571203367685 -0.143616665747 -0.599923290389 -0.450921507322
124.32432432432432 -0.594736695478 -0.0910585290935 -0.684930939617 -0.396007620758
124.52452452452452 -0.60754481512 -0.0367321003203 -0.757602582409 -0.327886873327
124.72472472472472 -0.609434085744 0.0177444907175 -0.815430219976 -0.247991076151
124.92492492492492 -0.600539715081 0.0707281076047 -0.856236151536 -0.158186982298
125.12512512512512 -0.581316416419 0.12069383426 -0.87825896091 -0.0607626267256
125.32532532532532 -0.552501384065 0.166361981075 -0.880234716852 0.0416083096009
125.52552552552552 -0.515055795523 0.206785900827 -0.861468107065 0.145932942516
125.72572572572572 -0.470093676563 0.241385659722 -0.821886713769 0.2490017085
125.92592592592592 -0.418809870989 0.269926314838 -0.762071299352 0.34752331937
126.12612612612612 -0.362416878126 0.29245285964 -0.683256838049 0.438280607156
126.32632632632632 -0.302097400467 0.309202632762 -0.587301610824 0.518289266274
126.52652652652652 -0.238974729519 0.320518799569 -0.476626075438 0.584939802278
126.72672672672672 -0.174098716696 0.326782647652 -0.354125760396 0.636108428823
126.92692692692692 -0.108442604777 0.328374162706 -0.22306675708 0.670228587449
127.12712712712712 -0.0429050594528 0.325657651487 -0.0869697840516 0.686327275856
127.32732732732732 0.0216867518674 0.318983725078 0.0505102434871 0.684033642704
127.52752752752752 0.0845749811323 0.308695630785 0.185703701311 0.663569822707
127.72772772772772 0.145069874503 0.295129345368 0.315043338378 0.625733880839
127.92792792792793 0.202547513199 0.278604493741 0.435177413128 0.571875892648
128.12812812812814 0.25644509271 0.259409096589 0.54307703488 0.503864118094
128.32832832832833 0.306253125899 0.237786212491 0.636135122062 0.424033463987
128.52852852852854 0.35150600455 0.213932334321 0.712252501533 0.33510820832
128.72872872872873 0.391773981757 0.18801356484 0.769905808339 0.240095597
128.92892892892894 0.426660192438 0.160199521751 0.808191271876 0.142152994034
129.12912912912913 0.455805754225 0.130707268771 0.826839596801 0.0444392892312
129.32932932932934 0.478903481091 0.0998409958793 0.826201835346 -0.050031632391
129.52952952952953 0.495717779452 0.0680140718434 0.807206972277 -0.138520085936
129.72972972972974 0.506106615935 0.0357442919934 0.771296465009 -0.218659321827
129.92992992992993 0.510039401865 0.00361910642607 0.720342829785 -0.288517063028
130.13013013013014 0.507605452281 -0.0277619582523 0.656559423647 -0.346622448919
130.33033033033033 0.499009723749 -0.0578546224099 0.582407658501 -0.391966543801
130.53053053053054 0.48455530674 -0.0862312638232 0.500505920373 -0.423987044005
130.73073073073073 0.464615552792 -0.11262281549 0.413542218668 -0.442547487926
130.93093093093094 0.439600386805 -0.136932345954 0.324190863953 -0.447917386894
131.13113113113113 0.409923117955 -0.159218082661 0.235033028835 -0.440755757804
131.33133133133134 0.375973182502 -0.179650993593 0.148480223475 -0.422095393766
131.53153153153153 0.338099410555 -0.198455804969 0.0667014578125 -0.393322064228
131.73173173173174 0.296605446092 -0.215849028359 -0.0084444107258 -0.356141234363
131.93193193193193 0.25175703703 -0.231984874776 -0.0754677705565 -0.312525747201
132.13213213213214 0.203798592691 -0.246917813548 -0.133294736981 -0.264641648199
132.33233233233233 0.152975202476 -0.260585372014 -0.181296670504 -0.214753741136
132.53253253253254 0.0995562299321 -0.27280875741 -0.219299306821 -0.165117980786
132.73273273273273 0.0438575148514 -0.283305087023 -0.247569900867 -0.117871211459
132.93293293293294 -0.0137394067829 -0.291703573608 -0.266783000319 -0.0749298912738
133.13313313313313 -0.0727712007216 -0.297559900545 -0.277967655487 -0.0379071344662
133.33333333333334 -0.132679152789 -0.300367190401 -0.282440318262 -0.00805297958975
133.53353353353353 -0.192797673598 -0.299566794705 -0.281728120958 0.0137824458399
133.73373373373374 -0.252345503602 -0.294565683456 -0.277486689864 0.027167253345
133.93393393393393 -0.31042170726 -0.284768076951 -0.271415694462 0.0320938712606
134.13413413413414 -0.366009872981 -0.269626384562 -0.265173900799 0.0289779281592
134.33433433433433 -0.417994478892 -0.248710883231 -0.26029499269 0.0186513117617
134.53453453453454 -0.465192464132 -0.221790217134 -0.25810567921 0.002346148996
134.73473473473473 -0.506400833006 -0.188908259306 -0.259648463701 -0.0183375588713
134.93493493493494 -0.540457778246 -0.150439173362 -0.265613244647 -0.0414892636694
135.13513513513513 -0.566311281642 -0.107103986042 -0.276283412822 -0.0649763527295
135.33533533533534 -0.583086134672 -0.0599392722737 -0.291502954061 -0.0865632911732
135.53553553553553 -0.590140193928 -0.0102202926879 -0.310669628036 -0.104053185592
135.73573573573574 -0.587101562189 0.0406481566288 -0.332757688063 -0.115436119157
135.93593593593593 -0.573882573973 0.0912509245539 -0.356369260722 -0.11902531986
136.13613613613614 -0.550670777947 0.140269140475 -0.379810458059 -0.113564819925
136.33633633633633 -0.517901385585 0.186557200005 -0.401185242337 -0.098299114864
136.53653653653654 -0.476217979436 0.229182969584 -0.418499227887 -0.07300390274
136.73673673673673 -0.426428700316 0.267433756067 -0.429766238681 -0.0379837874449
136.93693693693695 -0.369463862976 0.300796873161 -0.433111972753 0.00595421204801
137.13713713713713 -0.306339088618 0.328925495469 -0.42687072865 0.0575434741238
137.33733733733735 -0.238126171272 0.351599394801 -0.409671779379 0.115111697771
137.53753753753753 -0.165931591299 0.368685246682 -0.380514637269 0.176646145067
137.73773773773775 -0.0908829668788 0.380099736655 -0.338829391125 0.23987076302
137.93793793793793 -0.0141223947806 0.385776371335 -0.284520708356 0.302337096109
138.13813813813815 0.0631940816069 0.385638743881 -0.217992108296 0.361527056567
138.33833833833833 0.139892681504 0.379584177682 -0.140149230007 0.414962473018
138.53853853853855 0.214776275644 0.367483648896 -0.0523807317471 0.460313598711
138.73873873873873 0.286620770751 0.349202791677 0.0434814185748 0.495497088314
138.93893893893895 0.354178249335 0.324646732348 0.145219863919 0.51875534696
139.13913913913913 0.416190922637 0.293824177875 0.250302840571 0.528714115601
139.33933933933935 0.471419421934 0.256923208923 0.355964922285 0.524417263495
139.53953953953953 0.518686159413 0.214383733718 0.459292607353 0.50534313693
139.73973973973975 0.556931434052 0.166949888699 0.557311867983 0.471408813209
139.93993993993993 0.585276698345 0.115686233437 0.647075906871 0.422968920516
140.14014014014015 0.603086491631 0.0619467155193 0.725752594548 0.360814273841
140.34034034034033 0.61001905978 0.00729493820208 0.79071181037 0.286172451734
140.54054054054055 0.606056909993 -0.0466161473669 0.839612954752 0.20070774674
140.74074074074073 0.591510607856 -0.0981859762221 0.870491846016 0.106514045568
140.94094094094095 0.566994216558 -0.146004659569 0.881844711667 0.00609097831695
141.14114114114113 0.533375539334 -0.188961713133 0.872704833033 -0.0977071491216
141.34134134134135 0.491709257708 -0.226305941123 0.842705596291 -0.20175692566
141.54154154154153 0.443163749519 -0.257648695795 0.792122812203 -0.302786641929
141.74174174174175 0.388952556313 -0.282916586302 0.721889873 -0.397524388099
141.94194194194193 0.330278834124 -0.302271388396 0.633582046777 -0.482857902207
142.14214214214215 0.268297360628 -0.316019612743 0.529368679652 -0.555987141626
142.34234234234233 0.204093790307 -0.324534431275 0.411937681971 -0.614550674907
142.54254254254255 0.138677094157 -0.328202424554 0.284397893946 -0.65671608676
142.74274274274273 0.0729798299749 -0.327398196716 0.150167422525 -0.681232065936
142.94294294294295 0.00786121912438 -0.322480326616 0.0128548392643 -0.687448293042
143.14314314314313 -0.0558901487294 -0.313796895302 -0.123861218492 -0.675313556196
143.34334334334335 -0.117554693677 -0.301689184772 -0.25635072902 -0.645361818457
143.54354354354354 -0.17648015559 -0.286486830804 -0.381147480561 -0.598691498655
143.74374374374375 -0.232078030527 -0.268494558022 -0.495059451292 -0.536937004057
143.94394394394394 -0.283817024622 -0.247976737608 -0.595271940039 -0.462226503586
144.14414414414415 -0.331213950702 -0.225149281208 -0.679440463109 -0.377117380479
144.34434434434434 -0.373824492606 -0.200186976682 -0.745768313975 -0.284503292984
144.54454454454455 -0.411237201251 -0.173250404426 -0.793061782269 -0.187491960711
144.74474474474474 -0.443074707759 -0.144526501572 -0.820758794786 -0.0892626393187
144.94494494494495 -0.469003389913 -0.114272439654 -0.828928534638 0.00708425991451
145.14514514514514 -0.48875108665 -0.0828478273222 -0.818240915579 0.098666611631
145.34534534534535 -0.502128795255 -0.050723283635 -0.789911351743 0.182934622934
145.54554554554554 -0.509051314401 -0.0184592200393 -0.745625570649 0.257749715219
145.74574574574575 -0.509550789683 0.0133423348864 -0.687452553192 0.321426812108
145.94594594594594 -0.5037787157 0.0441026698329 -0.617751893424 0.372745738357
146.14614614614615 -0.491994523601 0.0733323950945 -0.539081726202 0.410941682006
146.34634634634634 -0.474542106361 0.10068400151 -0.454109297892 0.435685764883
146.54654654654655 -0.451818196698 0.125979447522 -0.365525811825 0.447064041821
146.74674674674674 -0.424238193038 0.149207153933 -0.275965256382 0.445559396428
146.94694694694695 -0.392205562518 0.170490553328 -0.187926530697 0.432035906946
147.14714714714714 -0.35608977867 0.190035589066 -0.103698801872 0.40772117308
147.34734734734735 -0.316216043012 0.208068540884 -0.0252912182911 0.374179537053
147.54754754754754 -0.27286721124 0.224777189622 0.0456305533166 0.333269120182
147.74774774774775 -0.226296359496 0.240265022046 0.107797101901 0.287077728299
147.94794794794794 -0.176746669394 0.254524681435 0.160372991683 0.237837143736
148.14814814814815 -0.12447462422 0.267430888058 0.202975538456 0.187820482653
148.34834834834834 -0.0697730398435 0.278748166848 0.235672070183 0.139231769087
148.54854854854855 -0.0129916613455 0.288145929971 0.258955255941 0.0940993266319
148.74874874874874 0.0454453828388 0.295214013965 0.273698391036 0.0541835847733
148.94894894894895 0.105024936946 0.299474934655 0.281094299648 0.0209065044851
149.14914914914914 0.165132342642 0.300393896054 0.282582495607 -0.00469529296914
149.34934934934935 0.225041179108 0.297392127415 0.279769161604 -0.0219966240504
149.54954954954954 0.283906637169 0.289870982129 0.274343414421 -0.030794633664
149.74974974974975 0.340765374883 0.277253568305 0.267992554093 -0.0313105251359
149.94994994994994 0.394545702399 0.259046282024 0.262317450212 -0.0241854279312
150.15015015015015 0.444091805653 0.234915784654 0.25874938637 -0.0104692676686
150.35035035035034 0.488203950301 0.204769639331 0.258470385103 0.00840296644652
150.55055055055055 0.52569383992 0.168823777166 0.262340153576 0.0306559866493
150.75075075075074 0.555450656897 0.127638624986 0.270834774538 0.054247805364
150.95095095095095 0.576509940451 0.0821105270403 0.284003383453 0.0769751329867
151.15115115115114 0.588115944862 0.0334150198003 0.301448764501 0.0966060796786
151.35135135135135 0.589768443414 -0.0170896234155 0.322336258609 0.111027509302
151.55155155155154 0.581247654964 -0.0679796370646 0.345432212692 0.118388941775
151.75175175175175 0.562615695232 -0.117880641964 0.369169245336 0.117224983466
151.95195195195194 0.534196916124 -0.165559924976 0.391732816072 0.106543214295
152.15215215215215 0.496543172943 -0.209983873197 0.411161401044 0.0858725114663
152.35235235235234 0.450391299846 -0.250338913717 0.425452591242 0.0552749481442
152.55255255255256 0.396619541168 -0.286022544104 0.432668588559 0.01532937573
152.75275275275274 0.336207875474 -0.316614924268 0.431036367019 -0.0329044557811
152.95295295295296 0.270205182848 -0.341841093934 0.419039169867 -0.0879350404079
153.15315315315314 0.199704200405 -0.361531171996 0.395497188292 -0.147898857718
153.35335335335336 0.125824391657 -0.375582075119 0.359635048505 -0.210631758809
153.55355355355354 0.0497021363737 -0.383922467366 0.311133772877 -0.273753450052
153.75375375375376 -0.0275125512038 -0.386482653488 0.250164624021 -0.334765003812
153.95395395395394 -0.104653967044 -0.383172819205 0.177402127895 -0.391156351193
154.15415415415416 -0.180535538937 -0.373874930088 0.0940150813131 -0.440516224509
154.35435435435434 -0.253944972372 -0.358453456073 0.00163646997785 -0.480635982547
154.55455455455456 -0.323643694622 -0.336789058492 -0.0976864296611 -0.509598573331
154.75475475475474 -0.388375377758 -0.308834551172 -0.201557611424 -0.525846464673
154.95495495495496 -0.446887392349 -0.274686792474 -0.307309173057 -0.528226694679
155.15515515515514 -0.497967302773 -0.234662514671 -0.412085059526 -0.51601518516
155.35535535535536 -0.540493568279 -0.189362086234 -0.512928032412 -0.488925812995
155.55555555555554 -0.573496457704 -0.139704005549 -0.606867494205 -0.44711094179
155.75575575575576 -0.596221649442 -0.0869164540521 -0.691007099186 -0.391159776701
155.95595595595594 -0.608187402381 -0.032479995454 -0.762612145389 -0.322098022119
156.15615615615616 -0.609225215167 0.0219769959631 -0.819197035783 -0.241388743493
156.35635635635634 -0.599496357433 0.0748117734745 -0.858612713774 -0.150929586724
156.55655655655656 -0.579480352811 0.124511245882 -0.879132446043 -0.0530379514147
156.75675675675674 -0.549935972709 0.169816905454 -0.879532581191 0.0495863770021
156.95695695695696 -0.511841009092 0.209809037268 -0.85916278377 0.15393033731
157.15715715715714 -0.466320548202 0.243935956465 -0.817998777268 0.256772722702
157.35735735735736 -0.414574973457 0.271988673684 -0.756670944522 0.354821148208
157.55755755755754 -0.357817640187 0.294032254017 -0.676462707844 0.444869369936
157.75775775775776 -0.297228805915 0.31031782956 -0.579277531358 0.523955239248
157.95795795795794 -0.233927122124 0.321196539673 -0.467575536734 0.589501101989
158.15815815815816 -0.168956641755 0.327053643915 -0.344285082865 0.639421756094
158.35835835835834 -0.103284274813 0.328270680356 -0.212696580677 0.672193786677
158.55855855855856 -0.0378021391419 0.325212860115 -0.0763461285248 0.6868891464
158.75875875875874 0.0266693044754 0.318231754487 0.0611046914407 0.683181935488
158.95895895895896 0.0893791291647 0.307671092147 0.195988626212 0.661338986204
159.15915915915915 0.149644479053 0.293866348741 0.324749742543 0.622201998981
159.35935935935936 0.206848086368 0.277134930725 0.444056176593 0.567163058524
159.55955955955955 0.260433143253 0.257760685152 0.550907144709 0.498129744134
159.75975975975976 0.309895159551 0.235981285711 0.642730992189 0.417471645232
159.95995995995995 0.35477245427 0.211987901236 0.717470301153 0.327941011733
160.16016016016016 0.394638311228 0.185942894863 0.773648093506 0.23256406597
160.36036036036037 0.429098407307 0.158015380694 0.810409856578 0.134505432197
160.56056056056056 0.457796653889 0.128425249007 0.82753587838 0.03692014515
160.76076076076077 0.480429461629 0.0974826270804 0.825424905861 -0.057193446729
160.96096096096096 0.496766340139 0.0656083404714 0.805049239208 -0.14512073188
161.16116116116117 0.506671726998 0.0333267186129 0.767888141033 -0.224526609761
161.36136136136136 0.510122581923 0.00122872554708 0.715844982764 -0.293514476134
161.56156156156158 0.507216035676 -0.0300869042115 0.651156780537 -0.350650398087
161.76176176176176 0.498164209369 -0.060081255518 0.576301213638 -0.394962007276
161.96196196196198 0.483275936538 -0.0883357887724 0.493905728697 -0.425922334068
162.16216216216216 0.462928160026 -0.114592458003 0.406660287266 -0.4434286478
162.36236236236238 0.437532317635 -0.138765051244 0.317234810232 -0.447782834149
162.56256256256256 0.407501266556 -0.160920354496 0.228199737168 -0.439674959937
162.76276276276278 0.373222657036 -0.181233982869 0.141949697571 -0.420167222464
162.96296296296296 0.335042921687 -0.199931398941 0.0606313519832 -0.39067252809
163.16316316316318 0.293263597683 -0.217225310339 -0.0139242234139 -0.352919593291
163.36336336336336 0.248149438352 -0.233263240697 -0.0802592045433 -0.308899173555
163.56356356356358 0.199945407766 -0.24809156366 -0.137334414284 -0.260787867716
163.76376376376376 0.14889874064 -0.261639780738 -0.184557115572 -0.210852773107
163.96396396396398 0.0952824433033 -0.273722030846 -0.221788568711 -0.161343342114
164.16416416416416 0.0394172752775 -0.284049776511 -0.249329452212 -0.114381474727
164.36436436436438 -0.0183092610373 -0.292247887789 -0.267884010245 -0.0718612480938
164.56456456456456 -0.0774270685415 -0.297868679481 -0.278505738564 -0.0353677972105
164.76476476476478 -0.137370104403 -0.300402312063 -0.282529714474 -0.00612013393613
164.96496496496496 -0.19746490678 -0.29928783847 -0.281495254321 0.0150643580502
165.16516516516518 -0.256922005379 -0.293931356854 -0.277063570767 0.0277869941472
165.36536536536536 -0.314832347855 -0.28373903331 -0.270933267136 0.0320731481816
165.56556556556558 -0.370172186564 -0.268169497817 -0.264755503089 0.0283707075931
165.76576576576576 -0.421820418666 -0.246804784225 -0.260050038532 0.0175426359648
165.96596596596598 -0.468591364164 -0.219431267058 -0.258123610761 0.000850064433601
166.16616616616616 -0.509283515814 -0.186115491869 -0.259993271608 -0.0200816975453
166.36636636636638 -0.54274141113 -0.147256847449 -0.266318941891 -0.0433226561467
166.56656656656656 -0.567924348818 -0.103600799742 -0.277350971792 -0.0667289046317
166.76676676676678 -0.583973041492 -0.0562042079497 -0.292898906344 -0.0880637800476
166.96696696696696 -0.590264573397 -0.00635502254968 -0.312327131778 -0.105140664303
167.16716716716718 -0.58644793601 0.0445379275713 -0.334579641142 -0.115970753523
167.36736736736736 -0.572456312657 0.0950637077939 -0.358233454052 -0.118897370322
167.56756756756758 -0.548496586241 0.143914344371 -0.381576259381 -0.11270112295
167.76776776776777 -0.515020685965 0.189959144598 -0.402701285427 -0.0966665179191
167.96796796796798 -0.472685732096 0.232282139719 -0.419611588105 -0.0706099103529
168.16816816816817 -0.422310192011 0.270185762572 -0.430326536428 -0.0348750156496
168.36836836836838 -0.364831900356 0.303170037728 -0.432984936492 0.00969499433828
168.56856856856857 -0.301271837546 0.330897999541 -0.425940848882 0.061801068542
168.76876876876878 -0.232705408734 0.353156254705 -0.407849554321 0.119743111351
168.96896896896897 -0.160241665284 0.369815667616 -0.377741442964 0.181485819293
169.16916916916918 -0.0850101713298 0.380794611996 -0.335081504203 0.24473698117
169.36936936936937 -0.00815485059815 0.386026272273 -0.27981181472 0.307039253075
169.56956956956958 0.0691662271945 0.385432500105 -0.212374374964 0.365873696969
169.76976976976977 0.145776825794 0.378908620716 -0.133712488564 0.418769606631
169.96996996996998 0.220477041424 0.366324797178 -0.0452502019669 0.463412413683
170.17017017017017 0.292040144585 0.347548890421 0.0511489266784 0.497740506945
170.37037037037038 0.359216412264 0.322492532676 0.153240601026 0.520023317448
170.57057057057057 0.420748164492 0.291176761647 0.258472033729 0.528917002603
170.77077077077078 0.475399200727 0.253807894779 0.364063084083 0.523497784422
170.97097097097097 0.521999284498 0.210848936569 0.467092133842 0.503277188639
171.17117117117118 0.559500786792 0.163069456595 0.56458344146 0.468205707123
171.37137137137137 0.587042653827 0.111558887473 0.653595675234 0.418671461101
171.57157157157158 0.604011186937 0.0576911209596 0.731308562789 0.355498981847
171.77177177177177 0.610089772909 0.00304144056369 0.795110706436 0.279949841111
171.97197197197198 0.605287274269 -0.0507365706463 0.842687037215 0.193722386686
172.17217217217217 0.58993954893 -0.102053257643 0.872105669542 0.0989436998713
172.37237237237238 0.564682759808 -0.149519560304 0.881901532397 -0.00185612534366
172.57257257257257 0.530401902376 -0.192052516639 0.871152231234 -0.10579755694
172.77277277277278 0.488163033312 -0.228930744795 0.839539758573 -0.20974009071
172.97297297297297 0.439140091175 -0.259793270851 0.787390912239 -0.310405646443
173.17317317317318 0.384547103045 -0.284588853298 0.715690186194 -0.404528347776
173.37337337337337 0.325584027749 -0.303494023732 0.626061339408 -0.489014632288
173.57357357357358 0.263400243409 -0.3168232135 0.520717427242 -0.561094093641
173.77377377377377 0.199074970885 -0.324952007073 0.40238300085 -0.618443745518
173.97397397397398 0.133610612946 -0.328266335269 0.274195512967 -0.659274996695
174.17417417417417 0.0679334148299 -0.32713900184 0.139592557384 -0.682383109227
174.37437437437438 0.00289664912116 -0.321926718874 0.00219325931714 -0.687165112352
174.57457457457457 -0.0607166978057 -0.31297612284 -0.13432388488 -0.673616592904
174.77477477477478 -0.122192352014 -0.30062709967 -0.266337242411 -0.64231662329
174.97497497497497 -0.180883024759 -0.285207114965 -0.390398086902 -0.594406918614
175.17517517517518 -0.236204657429 -0.267017585927 -0.50334023665 -0.531562494724
175.37537537537537 -0.287629616747 -0.246318642909 -0.602382714079 -0.455947814505
175.57557557557558 -0.334677511056 -0.223322042411 -0.685221554133 -0.370150235185
175.77577577577577 -0.376906134515 -0.198200382448 -0.750105280085 -0.277084486989
175.97597597597598 -0.413906032419 -0.171114667818 -0.795888837941 -0.179869280546
176.17617617617617 -0.445302217265 -0.142256066488 -0.822059968423 -0.0816827322942
176.37637637637638 -0.470764674694 -0.111889384261 -0.828736047818 0.0143874486684
176.57657657657657 -0.490026572921 -0.0803838775347 -0.816631873578 0.105482087984
176.77677677677679 -0.502906213569 -0.0482190554535 -0.787002066913 0.189081493262
176.97697697697697 -0.509327207318 -0.0159614216285 -0.741565161274 0.263081817518
177.17717717717719 -0.509331281191 0.0157857262168 -0.682415644768 0.325834445825
177.37737737737737 -0.503079210752 0.0464477453358 -0.611931537061 0.376155332304
177.57757757757759 -0.490838374125 0.075544314813 -0.532682176698 0.413314385228
177.77777777777777 -0.472958438928 0.102740375563 -0.447339262785 0.437015625014
177.977977977978 -0.44983915317 0.127871276402 -0.358591785699 0.447376259686
178.17817817817817 -0.421896593602 0.150937681591 -0.269065949029 0.444909027631
178.3783783783784 -0.389532620096 0.172071927652 -0.181246708541 0.430506444446
178.57857857857857 -0.353113800146 0.191484567851 -0.0974039869493 0.405422840864
178.7787787787788 -0.3129618586 0.209401657807 -0.0195223764759 0.371246578856
178.97897897897897 -0.269356699238 0.226006481002 0.0507614474912 0.329855652851
179.1791791791792 -0.222549697684 0.241395174981 0.112210480763 0.283351798935
179.37937937937937 -0.172784002317 0.255551782199 0.164023722671 0.233973202981
179.5795795795796 -0.120317692568 0.268342409433 0.205853350938 0.183991577014
179.77977977977977 -0.0654468685536 0.279523693146 0.237800503212 0.135601082508
179.97997997998 -0.00852602525721 0.288758242346 0.260388992555 0.090812629297
180.18018018018017 0.0500145628405 0.295630152212 0.274518885824 0.0513623309538
180.3803803803804 0.109654658767 0.299656811522 0.281404599889 0.0186441881479
180.58058058058057 0.16977151852 0.300299048037 0.28250131987 -0.00633601035615
180.7807807807808 0.229629884256 0.296974994097 0.279424559294 -0.0229851281984
180.98098098098097 0.288375722464 0.289085434427 0.273866342747 -0.0311327465803
181.1811811811812 0.345036725013 0.276056973178 0.267510343918 -0.031032413481
181.38138138138137 0.39853348227 0.257405061629 0.261947372857 -0.0233570661771
181.5815815815816 0.447704854646 0.232811767207 0.258592429528 -0.00918725952606
181.78178178178177 0.491349524751 0.202206194208 0.258605314967 0.0100138691477
181.981981981982 0.528282434078 0.165830042963 0.262818302966 0.0324474110239
182.18218218218217 0.557401292348 0.124270724246 0.271675971583 0.0560546153248
182.3823823823824 0.577755391477 0.0784490630117 0.285193472906 0.0786247229476
182.58258258258257 0.588607138618 0.0295590227015 0.302939143723 0.0979293650224
182.7827827827828 0.58947722815 -0.0210314098567 0.324045866787 0.111870471919
182.98298298298297 0.580167871592 -0.0718978220637 0.34725151431 0.118622979589
183.1831831831832 0.560762449597 -0.121673363876 0.370966207216 0.11675507207
183.38338338338338 0.531604439247 -0.169138713543 0.393360205572 0.105313140555
183.5835835835836 0.493261793053 -0.213276639846 0.412464826127 0.0838670950653
183.78378378378378 0.446484085034 -0.253290342886 0.426278724465 0.0525197684771
183.983983983984 0.392159057337 -0.288592596803 0.43287315566 0.0118887023377
184.18418418418418 0.331273400599 -0.318776189072 0.430491548349 -0.0369310249355
184.3843843843844 0.264880459387 -0.343575866488 0.417640292922 -0.0924166869112
184.58458458458458 0.194075797859 -0.362828541324 0.393168471843 -0.152678547956
184.7847847847848 0.119980609876 -0.376435134152 0.356334298385 -0.21553222242
184.98498498498498 0.0437324552361 -0.384325798771 0.306855779709 -0.278584239633
185.1851851851852 -0.0335175253162 -0.386430326801 0.244942895976 -0.33933061775
185.38538538538538 -0.11060225271 -0.382657225356 0.171309038096 -0.395264689208
185.5855855855856 -0.186333472842 -0.372886751395 0.0871605000093 -0.443987022941
185.78578578578578 -0.25949698081 -0.356983405374 -0.00583550057057 -0.483308423822
185.985985985986 -0.328852627387 -0.334831375253 -0.105601982077 -0.511337415492
186.18618618618618 -0.393143699223 -0.306391976049 -0.2097187817 -0.52654647105
186.3863863863864 -0.451119444665 -0.271776360256 -0.315500164849 -0.527815319943
186.58658658658658 -0.50157273065 -0.231321049545 -0.420078938019 -0.514453814479
186.7867867867868 -0.543391734181 -0.185649854776 -0.520493554419 -0.486210052378
186.98698698698698 -0.575621207901 -0.135705935396 -0.613775961699 -0.443270619164
187.1871871871872 -0.597526178018 -0.0827396876129 -0.697039206208 -0.386258739497
187.38738738738738 -0.608647929912 -0.0282464369433 -0.767564770197 -0.316234258384
187.5875875875876 -0.608843166013 0.0261392163099 -0.822890102212 -0.234694348237
187.78778778778778 -0.598298485999 0.0787800445273 -0.860895952418 -0.143570124804
187.987987987988 -0.577516526332 0.128178801978 -0.879891937413 -0.0452104464982
188.18818818818818 -0.54727513982 0.173100994241 -0.878696676781 0.0576576378406
188.3883883883884 -0.50856585365 0.212655025672 -0.856706913957 0.162000854797
188.58858858858858 -0.462521938202 0.2463171626 -0.813948551734 0.264587225995
188.7887887887888 -0.410346574424 0.273902037402 -0.751103095718 0.362125741849
188.98898898898898 -0.35325192901 0.295492243593 -0.669503705345 0.451423634991
189.1891891891892 -0.292414189959 0.31134928606 -0.571099639461 0.529544090341
189.38938938938938 -0.228946507462 0.321828620406 -0.458390710494 0.593944484143
189.5895895895896 -0.163887015581 0.327315900243 -0.334337223769 0.642581385623
189.78978978978978 -0.0981968149332 0.328191324761 -0.202252772328 0.673976891446
189.98998998999 -0.0327625236428 0.324818467561 -0.0656873677271 0.687249986951
190.19019019019018 0.0316006069498 0.317548172703 0.0716929649842 0.682121016572
190.3903903903904 0.0941467489518 0.306723756308 0.206225637604 0.658901990744
190.59059059059058 0.154198095342 0.2926797545 0.334368221276 0.618478173688
190.7907907907908 0.211142110102 0.275731685933 0.452810908934 0.562282885526
190.99099099099098 0.26442621613 0.256160354928 0.558582824713 0.492261500608
191.1911911911912 0.313549492918 0.234199902028 0.649149401656 0.410816262634
191.39139139139138 0.358053158196 0.210038642326 0.72249617465 0.32072467332
191.5915915915916 0.397512986186 0.183838410214 0.777193297412 0.225028297364
191.79179179179178 0.43153743325 0.155770928696 0.812435030661 0.126896423373
191.991991991992 0.459774014313 0.126062062447 0.828050505109 0.0294767319989
192.19219219219218 0.481924203713 0.0950301224477 0.824484586757 -0.0642500550194
192.3923923923924 0.497764266731 0.0631046798566 0.802751397632 -0.151595875695
192.59259259259258 0.507167009086 0.0308168402958 0.76436601918 -0.230257884633
192.7927927927928 0.510118746092 -0.00123966621802 0.711260827342 -0.298374716393
192.99299299299298 0.506726007094 -0.0324685200553 0.645694705745 -0.354548317948
193.1931931931932 0.497209297016 -0.0623384017236 0.570160077572 -0.397841317403
193.39339339339338 0.481883879272 -0.0904423711315 0.487292268188 -0.427760164
193.5935935935936 0.461130606059 -0.11653592116 0.399782674134 -0.444233952605
193.79379379379378 0.43536206486 -0.140545970623 0.310296303199 -0.447595008316
193.993993993994 0.404989888765 -0.162549705708 0.221392718169 -0.438562678023
194.19419419419418 0.37039884863 -0.182729064112 0.135450113706 -0.418227156254
194.3943943943944 0.331931693504 -0.201310611512 0.0545929885941 -0.388027177568
194.59459459459458 0.289886539561 -0.2185037827 -0.0193743296419 -0.349714003331
194.7947947947948 0.244525753555 -0.234449194096 -0.0850249110236 -0.305295893121
194.99499499499498 0.196093520444 -0.249184309362 -0.141353331658 -0.256960226875
195.1951951951952 0.144838156669 -0.262629244488 -0.187801989871 -0.206976837802
195.39539539539538 0.0910355879928 -0.274589447656 -0.224266950847 -0.157589282682
195.5955955955956 0.035011086591 -0.284768890941 -0.251081671918 -0.110905454561
195.79579579579578 -0.0228418882621 -0.29278621351 -0.268979579513 -0.0687979940988
195.995995995996 -0.0820462519566 -0.29818835408 -0.279038662387 -0.0328258908055
196.19619619619618 -0.142027898775 -0.300460971988 -0.282612743762 -0.00417804478306
196.3963963963964 -0.202104518715 -0.299039705206 -0.28125366955 0.0163601332526
196.59659659659658 -0.261477292108 -0.29332923494 -0.276628687459 0.0284227277561
196.7967967967968 -0.319227845873 -0.282737695497 -0.270435854503 0.032068010535
196.99699699699698 -0.374323954395 -0.266730611933 -0.264319220192 0.0277764612953
197.1971971971972 -0.42563807148 -0.244903079029 -0.259784988108 0.0164427569642
197.39739739739738 -0.471981278262 -0.217060786762 -0.258120152786 -0.000642134701976
197.5975975975976 -0.512153257538 -0.1832948066 -0.26031636869 -0.0218266367904
197.79779779779778 -0.545004968701 -0.144031639725 -0.26700345763 -0.0451603912184
197.997997997998 -0.569507524436 -0.100042915945 -0.278398387137 -0.0684875005664
198.19819819819818 -0.584818270857 -0.0524068904212 -0.294275957133 -0.0895698120296
198.3983983983984 -0.590334468518 -0.00242520249112 -0.313966635087 -0.106230720924
198.59859859859858 -0.585727116697 0.0484889069494 -0.336383642131 -0.11650261314
198.7987987987988 -0.570951373777 0.0989290790671 -0.360078453499 -0.118759424848
198.99899899899899 -0.546234428806 0.147598967486 -0.383320057148 -0.111819000795
199.1991991991992 -0.512045712117 0.193383785166 -0.404190839877 -0.095006614292
199.39939939939939 -0.469056475871 0.235384892389 -0.420691289294 -0.0681801054867
199.5995995995996 -0.418095899457 0.272921182584 -0.430846403624 -0.0317232397247
199.79979979979979 -0.36010946314 0.305506813266 -0.432808350765 0.013483665426
200.0 -0.296123236172 0.332815983435 -0.424951640275 0.0661082720586
