0.0 1.0 0.0 -0.5 0.0
0.02002002002002002 0.999275450972 -0.0723692413922 -0.499388989467 0.0610289156501
0.04004004004004004 0.997103416045 -0.144579796309 -0.497557305187 0.12192521022
0.06006006006006006 0.993488642771 -0.216473813268 -0.494508915217 0.182556918668
0.08008008008008008 0.988439009519 -0.287895133553 -0.49025040577 0.242793407825
0.1001001001001001 0.981965499849 -0.358690123904 -0.484790961902 0.302506031245
0.12012012012012012 0.974082173682 -0.42870844004 -0.478142346154 0.36156873036
0.14014014014014015 0.964806111996 -0.497803851184 -0.470318856119 0.419858684213
0.16016016016016016 0.954157182361 -0.565834796833 -0.461337132593 0.477256748709
0.18018018018018017 0.942158067852 -0.632665108431 -0.451216188751 0.533648025671
0.2002002002002002 0.928834113909 -0.69816455265 -0.439977287813 0.588922292984
0.22022022022022023 0.914213199623 -0.76220931247 -0.427643841621 0.642974386135
0.24024024024024024 0.89832568217 -0.824682205729 -0.414241366837 0.695704371603
0.2602602602602603 0.881204134027 -0.885473251168 -0.399797277668 0.747018000308
0.2802802802802803 0.862883226834 -0.944480239437 -0.384340794353 0.796827159421
0.3003003003003003 0.843399655184 -1.00160795274 -0.367902882402 0.845049264713
0.3203203203203203 0.822791931381 -1.05676902184 -0.35051609085 0.891607940035
0.34034034034034033 0.801100240327 -1.10988348442 -0.332214436908 0.936432680126
0.36036036036036034 0.778366293344 -1.16087903907 -0.313033290532 0.979459055288
0.38038038038038036 0.754633175794 -1.20969055349 -0.293009252947 1.02062833586
0.4004004004004004 0.729945200908 -1.2562601487 -0.27218004098 1.05988756517
0.42042042042042044 0.704347779059 -1.30053664242 -0.250584382027 1.09718913528
0.44044044044044045 0.677887270994 -1.3424754562 -0.228261897614 1.13249072189
0.46046046046046046 0.650610885866 -1.38203799148 -0.205253020379 1.16575480815
0.4804804804804805 0.622566525183 -1.41919150176 -0.181598870398 1.19694859247
0.5005005005005005 0.593802681469 -1.453908588 -0.157341172768 1.22604360558
0.5205205205205206 0.564368383798 -1.48616654451 -0.132522210703 1.25301521349
0.5405405405405406 0.534313055739 -1.51594678677 -0.107184711929 1.27784218013
0.5605605605605606 0.503686449797 -1.54323463881 -0.0813717937842 1.30050651353
0.5805805805805806 0.472538579918 -1.56801920914 -0.0551269069229 1.32099338092
0.6006006006006006 0.440919654239 -1.59029214998 -0.0284937778367 1.33929015483
0.6206206206206206 0.408880016401 -1.6100477647 -0.00151635884389 1.35538651061
0.6406406406406406 0.376470099642 -1.62728254708 0.025761212483 1.36927408127
0.6606606606606606 0.34374039335 -1.64199451272 0.0532946444867 1.38094595095
0.6806806806806807 0.310741407903 -1.65418320061 0.0810395247633 1.39039667499
0.7007007007007007 0.277523655858 -1.66384920566 0.108951340276 1.39762193127
0.7207207207207207 0.244137636377 -1.67099384562 0.1369854955 1.40261827782
0.7407407407407407 0.210633799525 -1.67561915816 0.165097347445 1.40538316809
0.7607607607607607 0.177062560215 -1.67772756335 0.193242201082 1.40591470784
0.7807807807807807 0.143474287175 -1.67732177371 0.22137532526 1.40421160521
0.8008008008008008 0.109919273371 -1.67440492015 0.249451984074 1.40027329209
0.8208208208208209 0.0764477628229 -1.66898033465 0.277427423099 1.3940997741
0.8408408408408409 0.0431099353558 -1.66105170693 0.305256890492 1.38569177542
0.8608608608608609 0.00995586913215 -1.65062321824 0.332895675601 1.37505086372
0.8808808808808809 -0.0229644338871 -1.63769964393 0.360299097866 1.36217955523
0.9009009009009009 -0.0556010769921 -1.62228658866 0.387422539743 1.34708151973
0.9209209209209209 -0.087904288715 -1.60439076614 0.414221473519 1.32976182324
0.9409409409409409 -0.119824439122 -1.58402020458 0.440651481973 1.3102271051
0.960960960960961 -0.151312088324 -1.56118476832 0.466668313306 1.28848601734
0.980980980980981 -0.182317988955 -1.53589615783 0.492227882873 1.26454922346
1.001001001001001 -0.212793183842 -1.50816884965 0.517286378994 1.23843018401
1.021021021021021 -0.242689000886 -1.47801993452 0.541800253118 1.21014501606
1.0410410410410411 -0.271957171999 -1.44547007697 0.565726341622 1.17971328648
1.0610610610610611 -0.300549862867 -1.4105435663 0.589021890307 1.1471580461
1.0810810810810811 -0.328419765704 -1.3732689472 0.611644645616 1.11250634602
1.1011011011011012 -0.35552021199 -1.33367949445 0.633552957807 1.07578961471
1.1211211211211212 -0.381805205704 -1.29181339381 0.654705812543 1.03704380448
1.1411411411411412 -0.407229634394 -1.24771455687 0.67506302354 0.996310036688
1.1611611611611612 -0.431749240192 -1.20143245807 0.694585205302 0.953634470169
1.1811811811811812 -0.455320909643 -1.15302305767 0.713234034688 0.90906902257
1.2012012012012012 -0.477902621284 -1.10254851704 0.730972202002 0.862671141022
1.2212212212212212 -0.499453744997 -1.05007792914 0.747763678115 0.814504360104
1.2412412412412412 -0.519935049746 -0.995687123004 0.763573718961 0.764638136675
1.2612612612612613 -0.5393089127 -0.939459014415 0.77836905033 0.713148105783
1.2812812812812813 -0.557539515091 -0.881483522426 0.792118037058 0.660115975383
1.3013013013013013 -0.574592761535 -0.821857584221 0.804790613157 0.605629553349
1.3213213213213213 -0.590436592066 -0.760684959588 0.816358551781 0.549782527058
1.3413413413413413 -0.605041238764 -0.698076209257 0.826795688153 0.492674398749
1.3613613613613613 -0.61837897249 -0.634148474991 0.836077698177 0.434410346644
1.3813813813813813 -0.63042476386 -0.569024582518 0.844182667612 0.375100352272
1.4014014014014013 -0.64115578237 -0.502833793144 0.851090661389 0.314859921892
1.4214214214214214 -0.650552069403 -0.435709865234 0.856784298829 0.25380833564
1.4414414414414414 -0.658596349521 -0.367791447049 0.861248591923 0.192069010352
1.4614614614614614 -0.665274143754 -0.299221099654 0.864471040096 0.129768653694
1.4814814814814814 -0.670573823972 -0.230145031649 0.86644167666 0.0670370311879
1.5015015015015014 -0.674486777879 -0.160711692887 0.867153207378 0.00400574824328
1.5215215215215214 -0.677007351833 -0.091071605833 0.866600960945 -0.059191886688
1.5415415415415414 -0.678132922315 -0.0213763696207 0.864782948398 -0.122421718548
1.5615615615615615 -0.677863907696 0.0482221670439 0.861699871601 -0.185549452694
1.5815815815815817 -0.676203760164 0.117572611352 0.857355115053 -0.248441256374
1.6016016016016017 -0.673158951897 0.186524871175 0.851754732547 -0.310964479163
1.6216216216216217 -0.668738937871 0.254930943517 0.844907413963 -0.372988324336
1.6416416416416417 -0.662956103465 0.322645672218 0.836824439129 -0.434384493793
1.6616616616616617 -0.6558257369 0.389527118347 0.827519653583 -0.49502750342
1.6816816816816818 -0.647365892382 0.455437769473 0.817009349352 -0.554795712072
1.7017017017017018 -0.637597344872 0.52024519995 0.805312225063 -0.613571884247
1.7217217217217218 -0.62654345988 0.583821841699 0.792449274799 -0.671242995903
1.7417417417417418 -0.614230111196 0.64604616754 0.778443715509 -0.727701242663
1.7617617617617618 -0.600685531222 0.706802731904 0.763320858299 -0.782844078537
1.7817817817817818 -0.58594021403 0.765982753408 0.747108024259 -0.836574713045
1.8018018018018018 -0.570026748372 0.823484113053 0.729834400524 -0.88880211641
1.8218218218218218 -0.552979709465 0.879211764598 0.711530946469 -0.939441371821
1.8418418418418419 -0.53483549675 0.933077601621 0.692230253492 -0.988413571898
1.8618618618618619 -0.515632208321 0.98500062799 0.671966436128 -1.0356459691
1.8818818818818819 -0.495409490905 1.03490673364 0.650775001885 -1.08107179565
1.901901901901902 -0.47420840622 1.0827290473 0.628692735976 -1.12463056695
1.921921921921922 -0.452071296655 1.12840738626 0.605757583551 -1.16626762816
1.941941941941942 -0.429041649244 1.17188771365 0.582008530514 -1.20593370701
1.961961961961962 -0.405163924756 1.21312202242 0.557485456129 -1.24358482471
1.981981981981982 -0.380483501322 1.25206826286 0.53222908122 -1.27918224097
2.002002002002002 -0.355046594302 1.28869018623 0.506280896366 -1.31269232906
2.022022022022022 -0.328900048362 1.3229561579 0.479682981332 -1.34408559022
2.042042042042042 -0.302091301408 1.35483928181 0.45247797037 -1.37333676096
2.062062062062062 -0.274668304488 1.38431706287 0.424708979864 -1.40042453474
2.0820820820820822 -0.24667939642 1.41137047984 0.396419497178 -1.42533079265
2.1021021021021022 -0.218173269375 1.43598392668 0.367653346806 -1.44804055556
2.1221221221221223 -0.189198912091 1.45814480865 0.338454637215 -1.46854164856
2.1421421421421423 -0.159805531754 1.4778428054 0.308867689267 -1.48682408822
2.1621621621621623 -0.130042518339 1.49506978542 0.278937001055 -1.50288000834
2.1821821821821823 -0.0999594074186 1.50981943143 0.24870721095 -1.51670334599
2.2022022022022023 -0.0696058452061 1.5220866309 0.218223062164 -1.52828933363
2.2222222222222223 -0.0390315832643 1.53186756861 0.187529393355 -1.53763456903
2.2422422422422423 -0.00828640947471 1.53915927888 0.156671075181 -1.54473664373
2.2622622622622623 0.0225798031962 1.5439593872 0.1256930448 -1.5495939177
2.2822822822822824 0.0535171498801 1.54626608558 0.0946402565487 -1.55220549481
2.3023023023023024 0.0844757102378 1.5460781221 0.0635576630955 -1.55257120738
2.3223223223223224 0.115405526215 1.54339450773 0.0324902280475 -1.55069136518
2.3423423423423424 0.146256629885 1.53821469194 0.00148289818035 -1.5465668923
2.3623623623623624 0.176979045238 1.53053856448 -0.0294194031491 -1.54019932058
2.3823823823823824 0.207522799478 1.5203665777 -0.0601717900862 -1.53159088173
2.4024024024024024 0.237837935867 1.50769990696 -0.0907294295361 -1.52074463086
2.4224224224224224 0.267874530119 1.49254065864 -0.121047559099 -1.50766460911
2.4424424424424425 0.297582717716 1.47489221877 -0.151081516999 -1.4923561326
2.4624624624624625 0.326912707414 1.45475930662 -0.180786749372 -1.47482579912
2.4824824824824825 0.355814827478 1.43214856852 -0.210118860332 -1.45508199771
2.5025025025025025 0.384239557441 1.40706878406 -0.239033636444 -1.43313505011
2.5225225225225225 0.412137565201 1.37953118708 -0.267487080971 -1.40899747287
2.5425425425425425 0.439459780214 1.34955009522 -0.295435482046 -1.38268449679
2.5625625625625625 0.466157459103 1.31714324406 -0.322835464338 -1.35421431339
2.5825825825825826 0.492182236469 1.28233242912 -0.349644047969 -1.32360865304
2.6026026026026026 0.517486265269 1.24514373527 -0.375818748079 -1.29089288214
2.6226226226226226 0.542022219234 1.20560800344 -0.401317595254 -1.25609645559
2.6426426426426426 0.56574350148 1.16376134145 -0.426099296271 -1.21925326644
2.6626626626626626 0.588604196337 1.11964511326 -0.450123203157 -1.18040167586
2.6826826826826826 0.610559390624 1.07330714459 -0.473349584135 -1.13958548298
2.7027027027027026 0.63156507388 1.02480118883 -0.495739537843 -1.09685349103
2.7227227227227226 0.651578497023 0.974188003276 -0.517255296057 -1.05226037934
2.7427427427427427 0.670558078076 0.921534873782 -0.537860143524 -1.00586631835
2.7627627627627627 0.688463770922 0.866916408988 -0.557518728172 -0.957737613759
2.7827827827827827 0.705256952361 0.81041434741 -0.576196966329 -0.907946549819
2.8028028028028027 0.720900764352 0.752117396319 -0.59386232868 -0.8565712587
2.8228228228228227 0.735360293719 0.692121977026 -0.610483992289 -0.803696324783
2.8428428428428427 0.748602635227 0.630531766485 -0.626032893063 -0.749412411934
2.8628628628628627 0.760596874311 0.567456547523 -0.640481709879 -0.693815329539
2.8828828828828827 0.771314461745 0.503013540779 -0.653805180378 -0.637007113365
2.9029029029029028 0.780729224831 0.437325849666 -0.665980110569 -0.579094758559
2.9229229229229228 0.78881753081 0.370522695402 -0.676985511647 -0.520190410979
2.942942942942943 0.795558404602 0.302738987695 -0.686802699277 -0.460411015137
2.962962962962963 0.800933585292 0.234114047176 -0.69541534254 -0.399877267856
2.982982982982983 0.804927671881 0.164791660043 -0.70280958615 -0.338713663037
3.003003003003003 0.807528158084 0.0949191487519 -0.708974081875 -0.277047727914
3.023023023023023 0.808725552641 0.0246468653083 -0.71390008975 -0.215009608194
3.043043043043043 0.808513362805 -0.0458729445927 -0.7175814671 -0.152731131119
3.063063063063063 0.806888164957 -0.116486734187 -0.720014729083 -0.0903453178305
3.083083083083083 0.803849622365 -0.187040403768 -0.721199065742 -0.0279857650502
3.103103103103103 0.799400477718 -0.257380213034 -0.721136338227 0.0342141101073
3.123123123123123 0.793546545954 -0.327353593728 -0.719831075235 0.0961217435879
3.1431431431431434 0.786296669837 -0.396809914914 -0.717290438507 0.157606062362
3.1631631631631634 0.777662690888 -0.465601273332 -0.713524201012 0.21853814204
3.1831831831831834 0.767659369055 -0.533583251392 -0.708544682623 0.278791843339
3.2032032032032034 0.756304328229 -0.600615456161 -0.702366706522 0.338244265056
3.2232232232232234 0.743617942112 -0.666562471288 -0.695007507401 0.396776545834
3.2432432432432434 0.72962324824 -0.731294092372 -0.686486660778 0.454274071247
3.2632632632632634 0.714345833058 -0.794685990878 -0.67682598953 0.510627038844
3.2832832832832834 0.697813711333 -0.856620119761 -0.666049464891 0.565730811566
3.3033033033033035 0.68005719427 -0.916985065573 -0.654183097774 0.619486229154
3.3233233233233235 0.661108746707 -0.9756763248 -0.641254820579 0.671799859513
3.3433433433433435 0.641002802937 -1.03259653185 -0.627294334073 0.722584217745
3.3633633633633635 0.619775837836 -1.08765534888 -0.612333166413 0.771757663565
3.3833833833833835 0.597465882093 -1.1407697907 -0.596404268787 0.819244754494
3.4034034034034035 0.574112708213 -1.19186408149 -0.579542170414 0.864976095068
3.4234234234234235 0.549757399505 -1.24086941512 -0.561782615321 0.908888219438
3.4434434434434436 0.524442458465 -1.287724035 -0.543162653792 0.950923636922
3.4634634634634636 0.498211468146 -1.33237263699 -0.523720353396 0.99103040759
3.4834834834834836 0.471109143807 -1.37476652541 -0.503494843649 1.02916225984
3.5035035035035036 0.443180977494 -1.4148625953 -0.482526008264 1.06527782761
3.5235235235235236 0.414473427686 -1.45262385661 -0.46085464915 1.09934104207
3.5435435435435436 0.385033596471 -1.48801835179 -0.438522204286 1.13132031072
3.5635635635635636 0.354909104057 -1.52101871803 -0.415570637803 1.16118818449
3.5835835835835836 0.324148113892 -1.55160216021 -0.392042459794 1.18892133144
3.6036036036036037 0.292799257455 -1.57974963442 -0.367980651164 1.21449988819
3.6236236236236237 0.260911350923 -1.60544530869 -0.343428422129 1.23790707218
3.6436436436436437 0.22853365807 -1.62867659295 -0.318429425597 1.25912915795
3.6636636636636637 0.19571562571 -1.64943336988 -0.293027528135 1.27815490055
3.6836836836836837 0.162506875229 -1.66770763818 -0.267266793108 1.29497524641
3.7037037037037037 0.128957182179 -1.68349314262 -0.241191455684 1.30958303604
3.7237237237237237 0.0951164057274 -1.69678497234 -0.214845856143 1.32197268909
3.7437437437437437 0.0610345278918 -1.70757939683 -0.18827446084 1.33214005959
3.7637637637637638 0.0267615629925 -1.71587335337 -0.161521780386 1.34008203696
3.7837837837837838 -0.00765239424214 -1.72166453301 -0.134632398109 1.34579659702
3.803803803803804 -0.0421572230169 -1.72495090481 -0.107650916597 1.3492824261
3.823823823823824 -0.0767027611191 -1.72573081336 -0.080621960794 1.35053898659
3.843843843843844 -0.111238809619 -1.72400284984 -0.053590164554 1.34956640676
3.863863863863864 -0.145715153612 -1.71976569722 -0.0266001444784 1.34636535194
3.883883883883884 -0.180081545519 -1.71301851013 0.000303495063031 1.34093731034
3.903903903903904 -0.214287727342 -1.70376054382 0.0270761899198 1.3332842953
3.923923923923924 -0.248283434498 -1.69199179039 0.0536734263201 1.3234093323
3.943943943943944 -0.282018403069 -1.67771280553 0.0800507564658 1.31131631457
3.963963963963964 -0.315442403002 -1.66092528233 0.106163831779 1.29701044239
3.983983983983984 -0.348505222483 -1.64163172741 0.131968401191 1.28049796045
4.004004004004004 -0.381156753701 -1.61983671406 0.157420382891 1.26178712744
4.024024024024024 -0.413346947928 -1.59554622228 0.182475841031 1.2408876914
4.044044044044044 -0.445025960298 -1.5687691103 0.207091102308 1.21781202866
4.064064064064064 -0.476144079497 -1.53951657769 0.231222712726 1.1925747161
4.084084084084084 -0.506651928047 -1.50780342938 0.254827597381 1.16519350597
4.104104104104104 -0.536500377496 -1.4736478909 0.277863005149 1.13568917438
4.124124124124124 -0.565640792926 -1.43707255443 0.300286702875 1.10408624451
4.1441441441441444 -0.594024947149 -1.39810449761 0.322056918809 1.07041307394
4.1641641641641645 -0.62160529712 -1.35677597146 0.343132560985 1.03470237232
4.1841841841841845 -0.648334907842 -1.31312472071 0.363473168207 0.996991447633
4.2042042042042045 -0.674167750352 -1.26719440709 0.383039144174 0.957322513231
4.2242242242242245 -0.69905864267 -1.21903512226 0.40179172183 0.915743085628
4.2442442442442445 -0.722963558072 -1.16870344411 0.419693204403 0.872306001204
4.2642642642642645 -0.745839590429 -1.11626318229 0.436706948717 0.827069996134
4.2842842842842845 -0.767645256917 -1.06178497474 0.452797600803 0.78009936104
4.3043043043043046 -0.788340497018 -1.00534726603 0.46793110531 0.73146470232
4.324324324324325 -0.807886950219 -0.947035438566 0.482074920411 0.681242230996
4.344344344344345 -0.826247997583 -0.88694294889 0.495198060293 0.62951464669
4.364364364364365 -0.843388995148 -0.825170018652 0.507271274133 0.576370082199
4.384384384384385 -0.859277363977 -0.761824903208 0.518267126449 0.521903088327
4.404404404404405 -0.873882763337 -0.697022349704 0.528160128354 0.466213398372
4.424424424424425 -0.887177226361 -0.630884161192 0.536926849905 0.409406355372
4.444444444444445 -0.899135292033 -0.563538315349 0.544546022561 0.351592200048
4.464464464464465 -0.909734111918 -0.495118753084 0.55099862496 0.29288588764
4.484484484484485 -0.918953587749 -0.425764914169 0.556267991762 0.233406704349
4.504504504504505 -0.926776439478 -0.355620894605 0.560339866065 0.17327758951
4.524524524524525 -0.933188339168 -0.284835107937 0.563202505879 0.11262485122
4.544544544544545 -0.938177950545 -0.213559189291 0.564846712816 0.0515772912253
4.564564564564565 -0.941736997712 -0.141947393901 0.565265885993 -0.00973428278795
4.584584584584585 -0.943860311857 -0.0701557868591 0.564456057457 -0.0711777080105
4.604604604604605 -0.944545865788 0.00165857057647 0.562415917996 -0.132620119129
4.624624624624625 -0.943794778844 0.0733384537319 0.559146819246 -0.193928614245
4.644644644644645 -0.94161131172 0.144727344354 0.554652767569 -0.254970949068
4.664664664664665 -0.938002843025 0.215670259664 0.548940403487 -0.315616197958
4.684684684684685 -0.932979823419 0.286014554807 0.542018963236 -0.375735392564
4.704704704704705 -0.926555751697 0.355610769388 0.533900257758 -0.435202196554
4.724724724724725 -0.918747040875 0.424313216474 0.524598564297 -0.493893370586
4.744744744744745 -0.909573046931 0.491980931756 0.51413064726 -0.551689531185
4.764764764764765 -0.899055822503 0.558477941862 0.50251556046 -0.608475355878
4.784784784784785 -0.887220154676 0.623674230235 0.489774675218 -0.664140355824
4.804804804804805 -0.874093312305 0.68744581791 0.475931477626 -0.71857893257
4.824824824824825 -0.859705017863 0.749675518671 0.46101154428 -0.771690980488
4.844844844844845 -0.84408724916 0.810253058 0.445042382873 -0.823381976942
4.864864864864865 -0.827274121654 0.86907530566 0.428053336908 -0.873563167189
4.884884884884885 -0.809301753817 0.926046728905 0.410075476786 -0.92215192207
4.904904904904905 -0.79020808551 0.981078936808 0.391141453937 -0.969071376345
4.924924924924925 -0.770032768892 1.03409138078 0.371285412112 -1.01425098294
4.944944944944945 -0.748816981939 1.08501054456 0.350542837694 -1.05762587173
4.964964964964965 -0.726603308339 1.13377046057 0.328950462313 -1.09913725791
4.984984984984985 -0.703435577599 1.1803119912 0.306546134128 -1.13873187452
5.005005005005005 -0.679358738078 1.22458287394 0.283368715044 -1.17636200907
5.025025025025025 -0.654418710555 1.2665373223 0.259457962589 -1.21198518886
5.045045045045045 -0.628662289786 1.30613549705 0.234854449556 -1.24556376771
5.065065065065065 -0.602136980971 1.34334347783 0.209599432416 -1.277064902
5.085085085085085 -0.574890948977 1.37813238486 0.183734808332 -1.30645986601
5.105105105105105 -0.546972859451 1.4104783214 0.15730298722 -1.3337240054
5.125125125125125 -0.518431841703 1.44036161953 0.1303468593 -1.35883615188
5.145145145145145 -0.489317337633 1.46776664895 0.10290967333 -1.38177847195
5.165165165165165 -0.459679116241 1.49268110173 0.0750350442458 -1.40253591774
5.185185185185185 -0.429567092096 1.51509576159 0.0467668077544 -1.42109604142
5.205205205205205 -0.399031401516 1.53500389538 0.0181490756255 -1.43744853764
5.225225225225225 -0.368122269537 1.55240095595 -0.0107738719344 -1.45158501033
5.245245245245245 -0.336890002983 1.56728413242 -0.039957595833 -1.46349863226
5.265265265265265 -0.305384954273 1.57965213134 -0.0693575311538 -1.4731839857
5.285285285285285 -0.27365747718 1.58950473237 -0.0989290256179 -1.48063672225
5.305305305305305 -0.24175792528 1.59684266265 -0.128627346224 -1.48585348231
5.325325325325325 -0.209736631003 1.60166734102 -0.158407700543 -1.4888317086
5.345345345345345 -0.177643882967 1.60398063229 -0.188225259261 -1.4895694672
5.365365365365365 -0.145529941304 1.6037849147 -0.218035151014 -1.48806552456
5.385385385385385 -0.113445008581 1.60108289591 -0.247792490468 -1.48431921777
5.405405405405405 -0.0814392340003 1.59587763236 -0.277452381566 -1.47833049168
5.425425425425425 -0.0495626964747 1.58817254524 -0.306969937564 -1.47009993158
5.445445445445445 -0.01786540416 1.57797164888 -0.336300289442 -1.45962896825
5.465465465465465 0.0136027251153 1.56527947332 -0.365398607567 -1.4469198352
5.485485485485485 0.0447918704339 1.55010162778 -0.394220117599 -1.43197604336
5.505505505505505 0.0756523323153 1.53244461122 -0.42272012531 -1.41480224725
5.525525525525525 0.106134560352 1.51231659919 -0.450854051425 -1.3954048979
5.545545545545545 0.136189171133 1.48972725982 -0.478577451092 -1.37379211351
5.565565565565565 0.165767015311 1.46468861559 -0.50584608149 -1.34997438847
5.585585585585585 0.194819180343 1.43721495038 -0.532615909678 -1.32396453874
5.605605605605605 0.223297103396 1.40732367384 -0.55884321776 -1.29577840654
5.625625625625625 0.251152561632 1.3750353212 -0.584484601294 -1.26543488234
5.645645645645645 0.278337827464 1.34037438731 -0.609497109191 -1.23295657724
5.665665665665665 0.30480565341 1.30336940829 -0.633838238172 -1.19836991258
5.685685685685685 0.330509465058 1.26405369641 -0.657466103412 -1.16170570334
5.7057057057057055 0.355403344777 1.22246553174 -0.680339432622 -1.12299933805
5.7257257257257255 0.379442258094 1.17864869062 -0.702417763361 -1.082291185
5.7457457457457455 0.402582039439 1.13265279249 -0.723661439629 -1.03962689939
5.7657657657657655 0.424779643287 1.08453352239 -0.744031828171 -0.995057570551
5.7857857857857855 0.445993138312 1.03435315627 -0.763491322992 -0.948640175056
5.8058058058058055 0.466181968166 0.982180412492 -0.782003567861 -0.900437411897
5.8258258258258255 0.485306963634 0.928091149868 -0.799533476578 -0.850518296306
5.8458458458458455 0.503330594203 0.872167811923 -0.816047445972 -0.798957653859
5.865865865865866 0.520217007781 0.814500277073 -0.831513399697 -0.745836837372
5.885885885885886 0.535932253938 0.755184880436 -0.845900975742 -0.691242868542
5.905905905905906 0.550444358203 0.694325447167 -0.859181599777 -0.635269304207
5.925925925925926 0.563723498849 0.632031929518 -0.87132863212 -0.578015058387
5.945945945945946 0.575742129715 0.568421095779 -0.882317479844 -0.519584970581
5.965965965965966 0.586475105024 0.503615348887 -0.892125701383 -0.460088789247
5.985985985985986 0.595899783716 0.437742783856 -0.900733099669 -0.399641203198
6.006006006006006 0.603996119214 0.370936968643 -0.908121801652 -0.338361639749
6.026026026026026 0.610746801098 0.303335918665 -0.914276377978 -0.276373381195
6.046046046046046 0.61613733431 0.23508163899 -0.919183912415 -0.213803161803
6.066066066066066 0.620156086496 0.166319494727 -0.922834043419 -0.150780620622
6.086086086086086 0.622794366019 0.0971974602799 -0.925219031092 -0.0874376512397
6.106106106106106 0.624046469166 0.0278653878718 -0.926333798047 -0.0239077684982
6.126126126126126 0.62390969838 -0.0415257784465 -0.926175945125 0.0396745700641
6.146146146146146 0.622384387949 -0.110824784512 -0.9247457736 0.103174640178
6.166166166166166 0.619473890812 -0.179880863931 -0.922046273746 0.166458139379
6.186186186186186 0.615184566314 -0.248544556725 -0.918083114256 0.229391894543
6.206206206206206 0.609525755234 -0.316668304196 -0.912864620648 0.291844375893
6.226226226226226 0.602509716794 -0.384107394245 -0.906401720815 0.353686515187
6.246246246246246 0.594151583053 -0.450720722769 -0.898707905585 0.414792364671
6.266266266266267 0.584469259941 -0.516371161821 -0.889799143077 0.475039419824
6.286286286286287 0.573483362181 -0.580926401742 -0.879693822336 0.534309349927
6.306306306306307 0.561217093889 -0.644259364824 -0.868412649828 0.592488363323
6.326326326326327 0.547696151111 -0.706248743732 -0.855978564821 0.649467679273
6.346346346346347 0.532948595854 -0.766779385399 -0.842416629976 0.705143869383
6.366366366366367 0.51700472983 -0.825742581575 -0.827753921326 0.759419120839
6.386386386386387 0.499896966352 -0.88303637298 -0.812019416701 0.812201510865
6.406406406406407 0.481659684489 -0.938565556233 -0.795243867842 0.863405030751
6.426426426426427 0.462329110991 -0.992242133078 -0.777459697968 0.912949982619
6.446446446446447 0.441943173149 -1.04398519126 -0.758700872185 0.960762896776
6.466466466466467 0.420541341295 -1.09372046019 -0.739002757647 1.00677617435
6.486486486486487 0.398164466019 -1.14138043147 -0.718401981812 1.05092820833
6.506506506506507 0.374854708111 -1.1869043454 -0.696936368245 1.09316338506
6.526526526526527 0.350655410847 -1.23023794343 -0.674644822711 1.13343189118
6.546546546546547 0.325610899353 -1.27133281836 -0.651567155866 1.17168918457
6.566566566566567 0.299766437213 -1.31014648309 -0.627744041473 1.20789606001
6.586586586586587 0.273168078389 -1.34664178968 -0.603216883708 1.24201817513
6.606606606606607 0.245862551939 -1.3807864597 -0.578027712397 1.27402566658
6.626626626626627 0.217897212723 -1.41255292004 -0.552219134754 1.30389301637
6.646646646646647 0.189319914686 -1.44191760873 -0.525834220035 1.33159847945
6.666666666666667 0.160178942133 -1.46886061952 -0.498916433986 1.35712378824
6.686686686686687 0.130522953067 -1.49336541571 -0.471509583536 1.38045391194
6.706706706706707 0.100400897167 -1.51541812441 -0.443657738723 1.40157647013
6.726726726726727 0.0698619922036 -1.53500735547 -0.415405205498 1.42048157284
6.746746746746747 0.0389556447341 -1.55212379247 -0.386796451176 1.43716148175
6.766766766766767 0.00773144574909 -1.56675965167 -0.357876091449 1.45161014494
6.786786786786787 -0.0237608780966 -1.57890858541 -0.328688842741 1.46382310991
6.806806806806807 -0.0554714857116 -1.58856538033 -0.29927949647 1.47379726055
6.826826826826827 -0.0873504365349 -1.59572561676 -0.26969289842 1.48153052004
6.846846846846847 -0.119347711128 -1.60038540726 -0.239973923729 1.48702162089
6.866866866866867 -0.151413212122 -1.60254151471 -0.210167470412 1.49027018169
6.886886886886887 -0.183496791911 -1.60219081911 -0.180318427021 1.49127625513
6.906906906906907 -0.215548234555 -1.5993308538 -0.150471684595 1.49004074184
6.926926926926927 -0.24751728764 -1.5939592757 -0.120672100865 1.48656494218
6.946946946946947 -0.279353648251 -1.58607438659 -0.0909645091929 1.48085095555
6.966966966966967 -0.311006988599 -1.57567492556 -0.0613936900111 1.47290149373
6.986986986986987 -0.342426957318 -1.56276038139 -0.0320043659507 1.4627201116
7.007007007007007 -0.373563210185 -1.54733126252 -0.00284117284054 1.45031140675
7.027027027027027 -0.404365410489 -1.5293891013 0.0260513468243 1.43568100163
7.047047047047047 -0.434783285702 -1.50893715473 0.0546287903266 1.41883609297
7.067067067067067 -0.46476662624 -1.48598033393 0.0828469005371 1.39978537327
7.087087087087087 -0.494265361905 -1.4605259699 0.110661627532 1.3785396342
7.107107107107107 -0.523229580739 -1.43258392833 0.138029148998 1.3551118396
7.127127127127127 -0.551609602927 -1.40216722493 0.164905930796 1.32951760704
7.147147147147147 -0.579356054381 -1.36929241586 0.191248788598 1.30177550794
7.167167167167167 -0.606419905553 -1.33398000666 0.217014922159 1.27190737968
7.187187187187187 -0.632752616774 -1.2962550204 0.242162031968 1.23993877597
7.207207207207207 -0.658306159299 -1.25614734731 0.26664833996 1.20589922943
7.227227227227227 -0.683033190829 -1.21369226665 0.290432729727 1.16982266849
7.247247247247247 -0.706887116237 -1.16893080798 0.313474797963 1.13174769366
7.267267267267267 -0.729822230142 -1.12191019669 0.335734969287 1.09171792994
7.287287287287287 -0.751793818877 -1.07268418306 0.357174579743 1.04978228229
7.307307307307307 -0.772758339069 -1.02131331588 0.377756019929 1.00599515523
7.327327327327327 -0.792673489952 -0.967865333072 0.39744279521 0.960416754464
7.347347347347347 -0.8114984471 -0.912415088401 0.416199712182 0.913113037375
7.367367367367367 -0.829193910186 -0.855045103683 0.43399291959 0.864156140083
7.387387387387387 -0.845722352764 -0.795845026879 0.450790107617 0.813623959185
7.407407407407407 -0.861048078462 -0.734912476603 0.466560555162 0.761600810765
7.4274274274274275 -0.875137441885 -0.67235192354 0.48127530678 0.708176554365
7.4474474474474475 -0.887958957604 -0.608275230447 0.494907261323 0.653447015933
7.4674674674674675 -0.899483461417 -0.542801069693 0.507431301933 0.597513529759
7.4874874874874875 -0.909684213277 -0.476054591103 0.51882437997 0.540482674725
7.5075075075075075 -0.918537060609 -0.408167289964 0.529065646536 0.482466171062
7.5275275275275275 -0.926020516689 -0.339276090985 0.53813651698 0.423580154448
7.5475475475475475 -0.932115901028 -0.269523145133 0.546020784305 0.363945015329
7.5675675675675675 -0.936807424193 -0.199054954098 0.552704688687 0.303684704975
7.587587587587588 -0.940082264877 -0.128021731412 0.558176980772 0.242926227523
7.607607607607608 -0.941930655448 -0.0565766539651 0.562428991721 0.181799046039
7.627627627627628 -0.942345885651 0.0151250439294 0.56545463829 0.120434358963
7.647647647647648 -0.941324378813 0.0869267057573 0.567250485308 0.0589645953852
7.667667667667668 -0.938865714865 0.158671088759 0.567815765946 -0.00247725190262
7.687687687687688 -0.934972609364 0.230201342998 0.567152367029 -0.0637584093993
7.707707707707708 -0.929650910467 0.30136175796 0.565264828407 -0.124746920533
7.727727727727728 -0.922909564411 0.371998624826 0.562160317251 -0.185312337395
7.747747747747748 -0.914760570379 0.441960989971 0.557848593686 -0.245326326493
7.767767767767768 -0.905218913395 0.511101500862 0.552341959058 -0.304663350224
7.787787787787788 -0.894302486544 0.579277023961 0.545655195133 -0.363201167441
7.807807807807808 -0.882031995925 0.646349373625 0.537805489728 -0.420821424411
7.827827827827828 -0.868430862355 0.712185853205 0.528812359285 -0.477410096295
7.847847847847848 -0.85352512818 0.776659681266 0.51869757527 -0.532857836861
7.867867867867868 -0.83734327574 0.839650692994 0.50748502043 -0.587060557197
7.887887887887888 -0.819916133013 0.901045648268 0.495200613868 -0.639919681365
7.907907907907908 -0.801276730651 0.960738220324 0.481872196235 -0.691342153588
7.927927927927928 -0.781460154131 1.01862955847 0.467529412486 -0.741240903741
7.947947947947948 -0.760503391094 1.07462814371 0.452203588714 -0.789534751452
7.967967967967968 -0.738445190239 1.12865002145 0.435927619231 -0.83614860801
7.987987987987988 -0.715325902258 1.18061860521 0.418735837804 -0.881013340641
8.008008008008009 -0.691187340434 1.23046468318 0.400663905117 -0.924065796065
8.028028028028029 -0.666072629767 1.27812614367 0.381748685935 -0.965248602834
8.048048048048049 -0.640026075388 1.32354772251 0.362028141364 -1.0045099896
8.068068068068069 -0.613093018 1.36668078755 0.341541211219 -1.04180363363
8.088088088088089 -0.585319693459 1.40748320903 0.320327699962 -1.07708857675
8.108108108108109 -0.556753157872 1.44591827304 0.298428208589 -1.11032838229
8.128128128128129 -0.527441107779 1.48195498051 0.2758839923 -1.14149139166
8.148148148148149 -0.497431828555 1.51556726398 0.252736911593 -1.17055011938
8.168168168168169 -0.46677409674 1.54673347532 0.229029349269 -1.19748086468
8.188188188188189 -0.435517033961 1.57543619415 0.204804091681 -1.22226357876
8.208208208208209 -0.403710135131 1.60166144928 0.18010434047 -1.24488125872
8.228228228228229 -0.371403095873 1.62539843884 0.15497357346 -1.26531974692
8.248248248248249 -0.338645809599 1.64663906542 0.129455533569 -1.28356737463
8.268268268268269 -0.305488339744 1.66537747045 0.103594198921 -1.29961460641
8.288288288288289 -0.271980792799 1.68160960095 0.0774336778623 -1.31345371556
8.308308308308309 -0.23817339454 1.69533301435 0.0510182579529 -1.3250786358
8.328328328328329 -0.20411637921 1.70654632931 0.0243923131719 -1.33448454454
8.348348348348349 -0.169859988601 1.71524904662 -0.00239970566853 -1.34166773152
8.368368368368369 -0.135454501458 1.72144146148 -0.0293132575573 -1.34662553779
8.388388388388389 -0.100950162626 1.72512413076 -0.0563037737113 -1.34935594966
8.408408408408409 -0.0663971937683 1.7262979961 -0.0833266589622 -1.34985770391
8.428428428428429 -0.03184580381 1.7249643382 -0.110337293013 -1.34813026045
8.448448448448449 0.00265377853684 1.72112462205 -0.137291014588 -1.34417368848
8.468468468468469 0.037051394446 1.71478052695 -0.164143199464 -1.33798870239
8.488488488488489 0.0712969565172 1.70593403347 -0.190849271556 -1.32957673861
8.508508508508509 0.105340380242 1.69458759934 -0.217364660507 -1.31894009803
8.528528528528529 0.139131649096 1.68074430915 -0.243644861471 -1.30608207357
8.548548548548549 0.172620813538 1.66440811576 -0.269645444666 -1.29100714622
8.568568568568569 0.205758017611 1.64558414964 -0.295322087315 -1.27372123502
8.588588588588589 0.238493516325 1.62427895123 -0.320630595501 -1.25423188439
8.608608608608609 0.270777723354 1.600500977 -0.345526955708 -1.23254866774
8.62862862862863 0.302561224895 1.5742607175 -0.369967348867 -1.20868328097
8.64864864864865 0.333794861544 1.54557147476 -0.393908235449 -1.18265016016
8.66866866866867 0.36442976105 1.5144495195 -0.41730638388 -1.15446660274
8.68868868868869 0.394417404713 1.48091461832 -0.440118935877 -1.12415318382
8.70870870870871 0.423709733054 1.44499064389 -0.462303503244 -1.09173423212
8.72872872872873 0.452259183978 1.4067057554 -0.483818202172 -1.0572379695
8.74874874874875 0.480018869479 1.36609330062 -0.504621813019 -1.02069721125
8.76876876876877 0.506942454876 1.32319113432 -0.524673669817 -0.982148834541
8.78878878878879 0.532984643765 1.27804380642 -0.543934093472 -0.941635465859
8.80880880880881 0.558100872723 1.23070116566 -0.562364118806 -0.899204403648
8.82882882882883 0.582247843266 1.18122007704 -0.579925958073 -0.854908916691
8.84884884884885 0.605383289282 1.12966371043 -0.59658279903 -0.808807708337
8.86886886886887 0.627466401784 1.07610236445 -0.612299167994 -0.760965509449
8.88888888888889 0.648457792595 1.02061344722 -0.627040899445 -0.711453069191
8.90890890890891 0.668319672952 0.963281429641 -0.640775284833 -0.660347085058
8.92892892892893 0.687016124429 0.904198227034 -0.653471302824 -0.607730464124
8.94894894894895 0.704512953348 0.843462763712 -0.665099493907 -0.553691995334
8.96896896896897 0.72077826877 0.781181089904 -0.67563244571 -0.498326340235
8.98898898898899 0.735782084967 0.717466227346 -0.685044458946 -0.441733978782
9.00900900900901 0.749497040366 0.652437434593 -0.693312145458 -0.384020480686
9.02902902902903 0.76189793517 0.586220726536 -0.70041404398 -0.325297012227
9.04904904904905 0.772962355701 0.518947336153 -0.706331135007 -0.26567896821
9.06906906906907 0.782670512382 0.450754012476 -0.711046706822 -0.205286243571
9.08908908908909 0.791005420432 0.381781903279 -0.714546501769 -0.144242285568
9.10910910910911 0.797952885918 0.312176628741 -0.716818705116 -0.0826741568361
9.12912912912913 0.803501752599 0.242086603849 -0.717854144731 -0.0207111164596
9.14914914914915 0.807643824141 0.171663003817 -0.7176462263 0.0415153983338
9.16916916916917 0.810373945235 0.101058862418 -0.716190997959 0.103872526902
9.18918918918919 0.811690046758 0.0304280458547 -0.713487184691 0.166226838864
9.20920920920921 0.811593136197 -0.0400753301479 -0.709536178682 0.228444815216
9.22922922922923 0.810087302913 -0.110297823853 -0.704342041019 0.290393612736
9.24924924924925 0.807179693169 -0.180087474742 -0.697911478686 0.351941729758
9.26926926926927 0.802880467649 -0.249294634401 -0.690253807 0.412959690383
9.28928928928929 0.797202779795 -0.317772363609 -0.681380930516 0.473320371413
9.30930930930931 0.790162660985 -0.385377662538 -0.671307244344 0.532900012277
9.32932932932933 0.781778977699 -0.451972247409 -0.660049596418 0.591578854952
9.34934934934935 0.772073303124 -0.517422401633 -0.647627181427 0.649241015639
9.36936936936937 0.761069846296 -0.581600164086 -0.634061478601 0.705775463242
9.38938938938939 0.748795305206 -0.644383499449 -0.619376129081 0.761076155468
9.40940940940941 0.735278772662 -0.705656909235 -0.603596855987 0.815042540224
9.42942942942943 0.720551571305 -0.76531154869 -0.586751326616 0.867579648981
9.44944944944945 0.704647144318 -0.823245653667 -0.568869060234 0.918598446796
9.46946946946947 0.687600893101 -0.879364543273 -0.549981292496 0.96801583367
9.48948948948949 0.669450045483 -0.933580737645 -0.530120864782 1.01575474104
9.50950950950951 0.650233505864 -0.985813961158 -0.509322098813 1.06174413426
9.52952952952953 0.629991721144 -1.03599149265 -0.487620684139 1.10591929847
9.54954954954955 0.608766534117 -1.08404759051 -0.465053555381 1.14822137108
9.56956956956957 0.586601032026 -1.12992300216 -0.441658765521 1.18859694258
9.58958958958959 0.563539370901 -1.17356496848 -0.417475339442 1.22699805843
9.60960960960961 0.539626709324 -1.21492707626 -0.392543216625 1.26338210305
9.62962962962963 0.514909153082 -1.25396927792 -0.366903202708 1.29771182017
9.64964964964965 0.489433491686 -1.29065659655 -0.340596751426 1.32995425346
9.66966966966967 0.463247160013 -1.32495917777 -0.313665929805 1.3600807941
9.68968968968969 0.436398182289 -1.35685222415 -0.286153368831 1.38806713206
9.70970970970971 0.40893500201 -1.38631485861 -0.258102121652 1.41389232969
9.72972972972973 0.38090643653 -1.41332997446 -0.229555622829 1.43753870497
9.74974974974975 0.352361642622 -1.43788410062 -0.20055765647 1.45899172786
9.76976976976977 0.32335000217 -1.45996644398 -0.171152259615 1.4782392422
9.78978978978979 0.29392108414 -1.47956866377 -0.141383687173 1.49527128729
9.80980980980981 0.264124604969 -1.49668478722 -0.111296375018 1.51008003359
9.82982982982983 0.234010384505 -1.51131037367 -0.0809349007773 1.52265910833
9.84984984984985 0.203628314181 -1.52344232301 -0.0503439534791 1.53300344528
9.86986986986987 0.173028334947 -1.53307895086 -0.0195683109169 1.54110935364
9.88988988988989 0.142260413551 -1.54021925261 0.0113471836129 1.54697392379
9.90990990990991 0.111374546188 -1.54486282604 0.0423576232164 1.55059497259
9.92992992992993 0.0804207049071 -1.54701001891 0.0734180863796 1.55197117004
9.94994994994995 0.0494488576902 -1.54666155113 0.104483624956 1.55110174096
9.96996996996997 0.0185089611634 -1.54381846718 0.135509275247 1.54798643367
9.98998998998999 -0.0123490577749 -1.53848224947 0.166450078461 1.54262562004
10.01001001001001 -0.0430753049125 -1.53065481646 0.197261088407 1.53502030354
10.03003003003003 -0.0736199326049 -1.52033869988 0.227897388651 1.52517227209
10.05005005005005 -0.103933146031 -1.50753706528 0.258314102931 1.51308412366
10.07007007007007 -0.133965232395 -1.49225414229 0.28846642569 1.49875962587
10.09009009009009 -0.163666558339 -1.47449511056 0.31830962481 1.48220363172
10.11011011011011 -0.192987631094 -1.45426687526 0.347799099526 1.4634227205
10.13013013013013 -0.221879082506 -1.43157785293 0.376890371806 1.44242503205
10.15015015015015 -0.250291771242 -1.40643891955 0.405539178665 1.41922104698
10.17017017017017 -0.278176754347 -1.37886326043 0.433701453436 1.39382347405
10.19019019019019 -0.305485431614 -1.34886726883 0.461333452765 1.3662479872
10.21021021021021 -0.332169509888 -1.31647057454 0.488391732403 1.33651326005
10.23023023023023 -0.358181185466 -1.28169678706 0.514833305234 1.3046415723
10.25025025025025 -0.383473107647 -1.24457370736 0.540615616915 1.27065899509
10.27027027027027 -0.407998593465 -1.20513389899 0.565696730302 1.23459585246
10.29029029029029 -0.431711595986 -1.16341504674 0.59003530532 1.196487028
10.31031031031031 -0.454566945178 -1.11946032236 0.613590804666 1.15637225344
10.33033033033033 -0.476520325624 -1.07331888831 0.636323481737 1.11429653501
10.35035035035035 -0.497528534827 -1.0250459717 0.658194600226 1.07031019806
10.37037037037037 -0.517549476085 -0.974703544074 0.679166434956 1.02446945832
10.39039039039039 -0.53654242079 -0.922360008173 0.699202494009 0.976836143893
10.41041041041041 -0.554468024422 -0.868091073637 0.718267539117 0.927478427786
10.43043043043043 -0.571288575127 -0.811979014026 0.736327795527 0.876470192143
10.45045045045045 -0.586968041843 -0.754113710758 0.753350999387 0.823891899108
10.47047047047047 -0.601472289399 -0.694591460603 0.76930657892 0.769829580465
10.49049049049049 -0.614769167154 -0.633516161009 0.784165735688 0.714375825042
10.51051051051051 -0.626828671569 -0.570997942811 0.797901581739 0.657628623661
10.53053053053053 -0.637623077272 -0.507153673164 0.810489254656 0.599691783049
10.55055055055055 -0.647127059077 -0.442106104541 0.821906022081 0.540674204606
10.57057057057057 -0.655317809515 -0.375983803226 0.832131384092 0.48068981629
10.59059059059059 -0.66217514754 -0.308920574117 0.841147167169 0.419857082525
10.61061061061061 -0.667681604614 -0.241054799828 0.848937598921 0.358298441519
10.63063063063063 -0.67182254807 -0.172529120009 0.855489414838 0.296140028445
10.65065065065065 -0.674586219506 -0.103489368076 0.860791892057 0.233510774416
10.67067067067067 -0.675963806095 -0.0340840480433 0.864836911838 0.170541958792
10.69069069069069 -0.675949490687 0.0355364484179 0.86761900362 0.107366542752
10.71071071071071 -0.674540481027 0.105220601167 0.869135371446 0.0441185221152
10.73073073073073 -0.671737023345 0.174816546181 0.869385907013 -0.019067742201
10.75075075075075 -0.667542404237 0.244172882783 0.868373192681 -0.0820582132931
10.77077077077077 -0.661962924879 0.313139488616 0.866102480879 -0.144719875604
10.79079079079079 -0.655007871294 0.381568287191 0.862581670097 -0.206921392855
10.81081081081081 -0.64668946874 0.449313983808 0.857821267243 -0.268533740744
10.83083083083083 -0.637022819803 0.516234771909 0.851834336007 -0.32943081617
10.85085085085085 -0.626025825426 0.582192998661 0.8446364305 -0.389490013752
10.87087087087087 -0.61371908794 0.647055741212 0.836245513213 -0.44859272918
10.89089089089089 -0.600125828913 0.710695443886 0.826681885849 -0.506624912282
10.91091091091091 -0.585271751366 0.772990233207 0.815968071498 -0.563477355595
10.93093093093093 -0.569184965023 0.833824596742 0.804128751879 -0.619046281629
10.95095095095095 -0.55189580363 0.893089372794 0.791190609896 -0.673233363546
10.97097097097097 -0.533436735168 0.950682260633 0.777182253238 -0.725946172784
10.99099099099099 -0.51384219925 1.00650788557 0.762134074216 -0.777098261031
11.01101101101101 -0.493148469653 1.06047775987 0.746078129974 -0.826609152727
11.03103103103103 -0.471393527628 1.11251064658 0.729048034246 -0.874404673492
11.05105105105105 -0.448616904956 1.1625320803 0.711078818402 -0.920416575952
11.07107107107107 -0.42485955837 1.21047457409 0.692206823023 -0.964582736328
11.09109109109109 -0.40016372651 1.25627728655 0.672469571429 -1.00684690102
11.11111111111111 -0.374572807881 1.29988568988 0.651905660373 -1.04715843036
11.13113113113113 -0.348131220663 1.34125155304 0.630554638077 -1.08547230983
11.15115115115115 -0.320884301191 1.38033224359 0.608456909191 -1.12174858289
11.17117117117117 -0.292878182765 1.41709060056 0.585653627605 -1.15595226623
11.19119119119119 -0.264159684388 1.45149445824 0.562186594967 -1.18805297045
11.21121121121121 -0.234776217468 1.48351627673 0.538098174458 -1.21802460577
11.23123123123123 -0.204775754542 1.51313239855 0.513431252599 -1.24584476186
11.25125125125125 -0.174206624644 1.54032308333 0.488229065259 -1.27149477655
11.27127127127127 -0.143117522384 1.56507184528 0.462535192719 -1.29495917322
11.29129129129129 -0.111557550488 1.58736481069 0.436393582062 -1.31622510704
11.31131131131131 -0.0795759538945 1.60719060112 0.409848322427 -1.3352823221
11.33133133133133 -0.0472221638138 1.62453982159 0.38294366911 -1.35212270364
11.35135135135135 -0.0145458958957 1.63940471596 0.355724113379 -1.36673995384
11.37137137137137 0.0184030447513 1.65177884004 0.328234213989 -1.37912935853
11.391391391391391 0.0515747370405 1.66165677474 0.300518608499 -1.38928752751
11.411411411411411 0.0849191596634 1.66903387613 0.272621990762 -1.3972121759
11.431431431431431 0.118386205707 1.67390605714 0.244589088457 -1.40290192784
11.451451451451451 0.151925687559 1.67626971746 0.216464654698 -1.4063562506
11.471471471471471 0.185487352222 1.6761215384 0.188293440312 -1.40757525565
11.491491491491491 0.219020881164 1.67345852834 0.160120191853 -1.40655972753
11.511511511511511 0.252475899988 1.66827795801 0.131989631309 -1.40331104021
11.531531531531531 0.285801983977 1.66057749186 0.103946445679 -1.39783124177
11.551551551551551 0.31894866441 1.65035522543 0.0760352791813 -1.39012306395
11.571571571571571 0.351865440782 1.63760999172 0.0483007029578 -1.38019016443
11.591591591591591 0.38450180551 1.62234168074 0.0207871886739 -1.3680373571
11.611611611611611 0.416807243705 1.6045507343 -0.00646084425275 -1.35367007552
11.631631631631631 0.448731264534 1.58423915365 -0.033399108085 -1.33709526429
11.651651651651651 0.480223450565 1.56141125336 -0.0599835217553 -1.31832202739
11.671671671671671 0.511233486913 1.53607328197 -0.0861701808959 -1.29736117015
11.691691691691691 0.541711205888 1.50823403944 -0.111915415029 -1.27422571449
11.711711711711711 0.571606642449 1.47790531113 -0.137175834961 -1.2489312238
11.731731731731731 0.600870101443 1.44510249471 -0.161908399318 -1.22149629906
11.751751751751751 0.629452250966 1.4098449825 -0.186070479931 -1.19194283488
11.771771771771771 0.65730415944 1.37215641284 -0.209619895963 -1.16029621984
11.791791791791791 0.68437744746 1.33206552903 -0.232515040529 -1.12658599087
11.811811811811811 0.710624354126 1.28960636231 -0.254714932682 -1.09084596969
11.831831831831831 0.735997849835 1.24481872778 -0.276179309038 -1.05311463801
11.851851851851851 0.760451841917 1.19774889948 -0.296868788874 -1.01343564873
11.871871871871871 0.783941027566 1.14844906316 -0.316744755613 -0.971857411406
11.891891891891891 0.806421452493 1.09697898345 -0.335769804903 -0.928434352525
11.911911911911911 0.827850230945 1.04340515858 -0.353907520017 -0.883226276296
11.931931931931931 0.848186050303 0.987801710778 -0.371122873599 -0.836299030725
11.951951951951951 0.867389026036 0.930250164535 -0.387382112352 -0.787724342387
11.971971971971971 0.885421062681 0.870839611756 -0.402653043126 -0.737579928451
11.991991991991991 0.902245901549 0.809666827659 -0.416905070992 -0.685949584132
12.012012012012011 0.917829255797 0.746835944977 -0.430109305511 -0.632922923405
12.032032032032031 0.932139101342 0.682458502369 -0.442238791202 -0.578595403036
12.052052052052051 0.945145554762 0.616653131884 -0.45326841048 -0.523068084805
12.072072072072071 0.956821385635 0.549544985573 -0.463175288525 -0.466447165334
12.092092092092091 0.967141696059 0.481265938755 -0.47193853997 -0.408844148524
12.112112112112111 0.976084532303 0.411953027168 -0.479539751491 -0.350374598542
12.132132132132131 0.983630485715 0.341749465415 -0.485962666972 -0.291158952285
12.152152152152151 0.989763255175 0.270802193501 -0.491193630789 -0.231320577587
12.172172172172171 0.994469481612 0.199262272039 -0.495221457419 -0.170986087662
12.192192192192191 0.997738823953 0.127284054961 -0.498037491267 -0.110284689363
12.212212212212211 0.999564069193 0.055024166362 -0.49963569327 -0.0493473777232
12.232232232232231 0.999941170567 -0.0173593839095 -0.500012670992 0.0116937601042
12.252252252252251 0.998869236192 -0.0897077074257 -0.499167669723 0.0727059436383
12.272272272272271 0.996350562734 -0.161862293619 -0.497102599039 0.133556687362
12.292292292292291 0.992390607503 -0.233665582594 -0.493822010868 0.194114251369
12.312312312312311 0.986997965704 -0.3049619137 -0.489333081652 0.254248387625
12.332332332332332 0.98018432197 -0.37559833234 -0.483645574256 0.313830975006
12.352352352352352 0.971964381191 -0.445425414821 -0.476771783584 0.37273666895
12.372372372372372 0.962355827698 -0.514297713127 -0.468726504484 0.430843251865
12.392392392392392 0.951379185575 -0.582074784529 -0.459526921853 0.488032445402
12.412412412412412 0.939057735831 -0.648621983218 -0.449192545471 0.544190534484
12.432432432432432 0.925417400014 -0.713810314351 -0.437745118265 0.599208255854
12.452452452452452 0.910486621816 -0.777517452146 -0.425208523108 0.652981601414
12.472472472472472 0.89429622042 -0.83962788052 -0.411608667144 0.705411933964
12.492492492492492 0.876879261215 -0.900033321192 -0.396973379838 0.756406327578
12.512512512512513 0.858270898968 -0.958632879056 -0.381332289174 0.805877687686
12.532532532532533 0.838508235097 -1.01533319245 -0.364716708818 0.853744875727
12.552552552552553 0.817630163451 -1.07004850664 -0.347159516199 0.899932773677
12.572572572572573 0.795677219561 -1.12270048345 -0.328695032804 0.944372143175
12.592592592592593 0.772691432187 -1.17321845053 -0.309358907062 0.98699982696
12.612612612612613 0.748716172551 -1.22153924566 -0.289187994665 1.02775863531
12.632632632632633 0.723796021937 -1.26760643221 -0.268220251896 1.06659674433
12.652652652652653 0.697976593765 -1.31137023639 -0.246494595082 1.10346765442
12.672672672672673 0.671304409144 -1.35278717093 -0.224050800789 1.13832990589
12.692692692692694 0.643826867311 -1.39182031497 -0.200929480514 1.17114730583
12.712712712712714 0.615592015353 -1.42843799834 -0.177171897303 1.20188791254
12.732732732732734 0.586648471723 -1.46261363166 -0.152819903078 1.23052391304
12.752752752752754 0.557045366319 -1.49432567265 -0.127915888632 1.25703160756
12.772772772772774 0.526832194833 -1.52355654504 -0.102502666299 1.28139057694
12.792792792792794 0.496058764961 -1.55029244147 -0.0766234241017 1.30358354203
12.812812812812814 0.464775145611 -1.57452303815 -0.0503216819415 1.32359615547
12.832832832832834 0.433031573553 -1.59624065178 -0.0236412147553 1.34141635485
12.852852852852854 0.400878412924 -1.61544007103 0.00337398418961 1.35703424615
12.872872872872874 0.368366112564 -1.63211819385 0.0306797416753 1.37044183537
12.892892892892894 0.335545164537 -1.64627335944 0.058231741415 1.38163252207
12.912912912912914 0.302466093806 -1.65790536412 0.0859855388647 1.39060113201
12.932932932932934 0.269179392611 -1.66701499391 0.113896616684 1.39734356555
12.952952952952954 0.235735558389 -1.67360370202 0.141920362546 1.40185656675
12.972972972972974 0.202185039049 -1.67767357808 0.170012118485 1.40413771619
12.992992992992994 0.168578233364 -1.67922715737 0.198127187437 1.40418530403
13.013013013013014 0.134965489682 -1.67826726906 0.226220841625 1.40199823056
13.033033033033034 0.101397095812 -1.6747970402 0.254248339846 1.39757603425
13.053053053053054 0.0679232762048 -1.66881986701 0.282164933374 1.39091887953
13.073073073073074 0.0345941798932 -1.66033956261 0.309925890688 1.38202771019
13.093093093093094 0.00145987665711 -1.64936040764 0.337486505343 1.37090430103
13.113113113113114 -0.0314296458363 -1.63588718908 0.364802094023 1.35755129526
13.133133133133134 -0.0640245193403 -1.61992579326 0.391828070933 1.34197273191
13.153153153153154 -0.0962749983565 -1.60148316424 0.418519933206 1.32417399472
13.173173173173174 -0.128131490192 -1.58056768957 0.444833301182 1.30416215041
13.193193193193194 -0.159544588566 -1.55718955688 0.47072395686 1.28194625208
13.213213213213214 -0.190465143404 -1.53136139044 0.496147915016 1.25753791631
13.233233233233234 -0.220844206745 -1.50309770297 0.521061377894 1.23095069305
13.253253253253254 -0.250633250188 -1.47241685892 0.545420942374 1.20220194842
13.273273273273274 -0.279784002543 -1.4393394694 0.56918344845 1.1713112348
13.293293293293294 -0.308248815986 -1.40389140339 0.592306328262 1.13830313304
13.313313313313314 -0.335980420036 -1.36610142956 0.61474737193 1.10320491076
13.333333333333334 -0.362932305031 -1.32600415194 0.636465090383 1.0660492673
13.353353353353354 -0.389058684546 -1.28363913328 0.657418676075 1.02687341936
13.373373373373374 -0.414314756547 -1.23905231676 0.677568244127 0.985720347547
13.393393393393394 -0.438656096124 -1.19229203752 0.696874262575 0.942635187562
13.413413413413414 -0.462040068931 -1.14341726659 0.715298867159 0.897672580819
13.433433433433434 -0.484424870925 -1.09249121699 0.732804958633 0.850890892467
13.453453453453454 -0.505770204942 -1.03958485396 0.749356827943 0.80235533256
13.473473473473474 -0.526037183596 -0.984775568764 0.764920057554 0.752136725116
13.493493493493494 -0.545188549325 -0.928147728349 0.779461717033 0.700311966461
13.513513513513514 -0.563188774744 -0.869792729116 0.792950451202 0.646964059334
13.533533533533534 -0.580004253942 -0.809809041331 0.805356646731 0.592182118059
13.553553553553554 -0.595603438329 -0.748301975401 0.816652548335 0.536061144629
13.573573573573574 -0.609956964476 -0.68538346237 0.826812368542 0.478701820661
13.593593593593594 -0.62303779631 -0.621171788858 0.835812409634 0.420210258939
13.613613613613614 -0.634821084791 -0.555791748646 0.843630942893 0.360698156266
13.633633633633634 -0.645284841532 -0.489373062396 0.850248785469 0.300281344863
13.653653653653654 -0.654409618742 -0.422050911303 0.855649025438 0.239080296764
13.673673673673674 -0.662178739127 -0.353964723503 0.859817216091 0.177219059434
13.693693693693694 -0.668578281275 -0.285258272211 0.862741364145 0.114825341587
13.713713713713714 -0.673597332162 -0.21607800025 0.864412142757 0.0520290547478
13.733733733733734 -0.677227894595 -0.146573010879 0.864822811813 -0.0110376828294
13.753753753753754 -0.679464967662 -0.0768942385589 0.863969285303 -0.0742412614148
13.773773773773774 -0.680306595413 -0.00719335266756 0.861850170867 -0.137447519432
13.793793793793794 -0.679753855066 0.0623777938775 0.858466758634 -0.200522212622
13.813813813813814 -0.677810859704 0.131667973199 0.853823022039 -0.263331704242
13.833833833833834 -0.674484734541 0.200527411768 0.847925596022 -0.325743671345
13.853853853853854 -0.669785587656 0.268808660557 0.840783750423 -0.387627845842
13.873873873873874 -0.663726444315 0.336367160813 0.832409332861 -0.448856494874
13.893893893893894 -0.656323191196 0.403062046091 0.822816719578 -0.509305103662
13.913913913913914 -0.647594494262 0.468756770976 0.812022744088 -0.568852910051
13.933933933933934 -0.637561700514 0.533319688066 0.800046612035 -0.62738339596
13.953953953953954 -0.626248744102 0.596624615416 0.786909819774 -0.684784770859
13.973973973973974 -0.613682022403 0.658551253487 0.772636047368 -0.740950328461
13.993993993993994 -0.59989027514 0.718985543521 0.757251054088 -0.795778754601
14.014014014014014 -0.584904471708 0.777820143277 0.740782580989 -0.849174533446
14.034034034034034 -0.568757671342 0.834954589997 0.723260230131 -0.901048091618
14.054054054054054 -0.551484857263 0.890295234029 0.704715321519 -0.951315749887
14.074074074074074 -0.533122791972 0.943755481657 0.685180768292 -0.999899933538
14.094094094094094 -0.513709945401 0.995255920959 0.66469101307 -1.04672928715
14.114114114114114 -0.493286287026 1.04472406764 0.643281849148 -1.09173846786
14.134134134134134 -0.471893167489 1.09209428941 0.620990317168 -1.1348680899
14.154154154154154 -0.449573196667 1.13730764699 0.597854598665 -1.17606459924
14.174174174174174 -0.426370081261 1.18031154536 0.573913875284 -1.21527998857
14.194194194194194 -0.402328537824 1.22105953676 0.549208251367 -1.25247163927
14.214214214214214 -0.377494143902 1.25951087019 0.523778624325 -1.28760195157
14.234234234234235 -0.351913241515 1.2956301864 0.497666598768 -1.32063809465
14.254254254254255 -0.325632832535 1.32938709032 0.470914393716 -1.35155165462
14.274274274274275 -0.298700473782 1.36075566486 0.443564749491 -1.38031823351
14.294294294294295 -0.27116420817 1.38971417512 0.415660864844 -1.40691720505
14.314314314314315 -0.243072471002 1.41624446272 0.387246312833 -1.43133121309
14.334334334334335 -0.214474030978 1.44033168617 0.358364986109 -1.45354595595
14.354354354354355 -0.185417924934 1.46196376596 0.329061036499 -1.47354972544
14.374374374374375 -0.155953401572 1.48113084377 0.299378822055 -1.49133295711
14.394394394394395 -0.126129887541 1.49782527234 0.26936287358 -1.50688821897
14.414414414414415 -0.0959969498792 1.51204109365 0.239057857191 -1.520209776
14.434434434434435 -0.0656042660799 1.52377350484 0.208508543186 -1.5312931437
14.454454454454455 -0.0350015877604 1.53301890862 0.177759770791 -1.54013512552
14.474474474474475 -0.00423872899598 1.53977458125 0.146856432537 -1.54673353243
14.494494494494495 0.0266344335045 1.54403828698 0.11584346832 -1.5510868574
14.514514514514515 0.0575679978117 1.54580839489 0.0847658295559 -1.55319436651
14.534534534534535 0.088512037873 1.54508374979 0.0536684727669 -1.5530559849
14.554554554554555 0.119416584884 1.54186346728 0.0225963692942 -1.55067211886
14.574574574574575 0.150231673074 1.53614711126 -0.00840553716108 -1.54604379582
14.594594594594595 0.180907344367 1.52793476084 -0.0392923393551 -1.53917271125
14.614614614614615 0.211393619099 1.51722702647 -0.0700191474597 -1.53006123228
14.634634634634635 0.24164055148 1.5040252924 -0.100541139085 -1.51871259067
14.654654654654655 0.271598249667 1.48833194813 -0.130813580233 -1.50513106532
14.674674674674675 0.301216847502 1.47015057543 -0.160791806733 -1.48932212605
14.694694694694695 0.330446590477 1.44948648975 -0.190431298159 -1.47129287218
14.714714714714715 0.359237847875 1.42634659716 -0.219687693397 -1.4510519077
14.734734734734735 0.387541135108 1.40074030656 -0.248516811383 -1.42861008139
14.754754754754755 0.415307176619 1.37267967528 -0.276874707135 -1.40398060027
14.774774774774775 0.442487003642 1.34217974241 -0.304717755604 -1.37717929791
14.794794794794795 0.469031954336 1.30925916967 -0.332002655346 -1.34822515121
14.814814814814815 0.494893789265 1.27394056834 -0.358686526431 -1.31714054477
14.834834834834835 0.520024762482 1.23625098609 -0.384726972217 -1.283951664
14.854854854854855 0.544377719042 1.19622233489 -0.410082162461 -1.24868884132
14.874874874874875 0.567906207566 1.15389178814 -0.434710928649 -1.21138687795
14.894894894894895 0.590564565047 1.10930224284 -0.458572836818 -1.17208541757
14.914914914914915 0.612308015414 1.06250274712 -0.481628271537 -1.13082929228
14.934934934934935 0.633092883483 1.01354855131 -0.503838613365 -1.08766856666
14.954954954954955 0.652876665127 0.962501629611 -0.525166299829 -1.04265895928
14.974974974974975 0.67161809228 0.909431218769 -0.545574882202 -0.995862277807
14.994994994994995 0.689277392563 0.854413357032 -0.565029240008 -0.947346047963
15.015015015015015 0.705816449473 0.797530965725 -0.583495714947 -0.897183580234
15.035035035035035 0.721198806593 0.738874902131 -0.600942118386 -0.845454821278
15.055055055055055 0.735389886722 0.678543307765 -0.61733791308 -0.792245825819
15.075075075075075 0.748357203644 0.616640549886 -0.632654388958 -0.73764789687
15.095095095095095 0.760070435951 0.553278318304 -0.646864726987 -0.681758475793
15.115115115115115 0.770501529723 0.488574784626 -0.659944086351 -0.624680454359
15.135135135135135 0.77962486436 0.422654643252 -0.671869742994 -0.566522208892
15.155155155155155 0.787417377148 0.355648460621 -0.682621194329 -0.507397068451
15.175175175175175 0.793858664432 0.287691694905 -0.692180244833 -0.447422513192
15.195195195195195 0.798931127486 0.218925047293 -0.700531128585 -0.386720460245
15.215215215215215 0.802619978762 0.149493014598 -0.707660517262 -0.32541607551
15.235235235235235 0.804913371142 0.0795435492589 -0.713557628811 -0.263637495212
15.255255255255255 0.805802439554 0.00922729789686 -0.718214264161 -0.20151519718
15.275275275275275 0.805281384472 -0.0613030735375 -0.72162487847 -0.139181446858
15.295295295295295 0.8033474542 -0.131893860206 -0.723786569046 -0.0767694866333
15.315315315315315 0.800000970883 -0.202391102074 -0.724699099199 -0.0144128882994
15.335335335335335 0.795245349093 -0.272641284994 -0.724364915832 0.0477550281498
15.355355355355355 0.789087060859 -0.342492236734 -0.722789122919 0.109601938779
15.375375375375375 0.781535606716 -0.411793921248 -0.719979459827 0.170997176772
15.395395395395395 0.77260345942 -0.480399174442 -0.715946256833 0.231812348227
15.415415415415415 0.762306005253 -0.54816444118 -0.710702388579 0.291921949617
15.435435435435435 0.750661464364 -0.614950462684 -0.704263210006 0.35120394673
15.455455455455455 0.737690792638 -0.680622869375 -0.696646476662 0.409540278529
15.475475475475475 0.723417576174 -0.745052711106 -0.687872258562 0.466817310942
15.495495495495495 0.707867934075 -0.808117044817 -0.677962861202 0.522926336481
15.515515515515515 0.69107040295 -0.86969938172 -0.666942730808 0.577763961455
15.535535535535535 0.673055741854 -0.929689666309 -0.654838291716 0.631232120487
15.555555555555555 0.653856882872 -0.987985111131 -0.64167790794 0.683238772267
15.575575575575575 0.633508717615 -1.04448971646 -0.627491702695 0.733697542384
15.595595595595595 0.61204800242 -1.09911496067 -0.612311482009 0.782528306193
15.615615615615615 0.589513190757 -1.15177938603 -0.596170591979 0.829656880214
15.635635635635635 0.565944289402 -1.20240870872 -0.579103798777 0.875015137883
15.655655655655655 0.541382727802 -1.25093581721 -0.561147178498 0.918541032737
15.675675675675675 0.515871209501 -1.29730017261 -0.542337988442 0.960178136407
15.695695695695695 0.489453575818 -1.34144812498 -0.522714554537 0.999875921424
15.715715715715715 0.462174694627 -1.38333201088 -0.502316170253 1.03758904698
15.735735735735735 0.434080308484 -1.42291029972 -0.481182970481 1.07327750551
15.755755755755755 0.405216957872 -1.46014686103 -0.459355858859 1.1069060413
15.775775775775776 0.37563184524 -1.49501071057 -0.436876391535 1.13844396852
15.795795795795796 0.345372714233 -1.52747566641 -0.413786672296 1.16786491351
15.815815815815816 0.314487824004 -1.55751978264 -0.39012932092 1.19514635956
15.835835835835836 0.283025839068 -1.58512471485 -0.365947374836 1.22026915104
15.855855855855856 0.251035749643 -1.61027510433 -0.341284214811 1.24321700722
15.875875875875876 0.218566815228 -1.63295904703 -0.316183515741 1.26397691378
15.895895895895896 0.1856685166 -1.65316694688 -0.2906891938 1.2825381995
15.915915915915916 0.15239051285 -1.67089094625 -0.2648453611 1.29889208066
15.935935935935936 0.118782587801 -1.68612519475 -0.238696276294 1.31303188375
15.955955955955956 0.0848946336832 -1.69886505719 -0.212286319139 1.32495240617
15.975975975975976 0.0507766296394 -1.70910676927 -0.185659963086 1.33464963816
15.995995995995996 0.0164786110845 -1.71684753586 -0.15886174271 1.34212084174
16.016016016016017 -0.0179493270184 -1.72208503088 -0.131936244928 1.34736414263
16.036036036036037 -0.0524570377027 -1.72481723502 -0.104928093209 1.35037839413
16.056056056056057 -0.0869943615978 -1.72504254443 -0.0778819076488 1.35116325822
16.076076076076077 -0.121511093985 -1.72275950998 -0.0508423205401 1.34971898652
16.096096096096097 -0.155956992064 -1.71796684228 -0.0238539613905 1.34604641514
16.116116116116117 -0.190281818292 -1.71066366863 0.00303858542163 1.34014716168
16.136136136136138 -0.224435303619 -1.70084938919 0.0297907616787 1.33202349758
16.156156156156158 -0.258367153389 -1.68852396611 0.0563580482218 1.32167856475
16.176176176176178 -0.292027118532 -1.67368814313 0.0826960292474 1.30911654115
16.196196196196198 -0.32536495311 -1.65634365142 0.108760367742 1.29434278893
16.216216216216218 -0.358330463217 -1.63649353593 0.134506851534 1.27736410064
16.236236236236238 -0.39087352993 -1.61414249456 0.1598914194 1.25818895452
16.256256256256258 -0.422944149627 -1.58929726354 0.184870200277 1.23682780578
16.276276276276278 -0.454492479878 -1.56196703132 0.209399556699 1.21329339994
16.296296296296298 -0.485468878386 -1.53216382465 0.233436122939 1.18760106456
16.316316316316318 -0.515823994956 -1.49990305714 0.256936883364 1.15976912646
16.336336336336338 -0.545508803589 -1.46520389581 0.279859205389 1.12981918842
16.356356356356358 -0.574474719263 -1.42808979415 0.30216093662 1.09777653283
16.376376376376378 -0.602673670145 -1.3885889591 0.323800468215 1.06367047562
16.396396396396398 -0.630058190228 -1.34673476544 0.344736813676 1.02753467753
16.416416416416418 -0.656581559507 -1.30256623014 0.36492972365 0.989407500429
16.436436436436438 -0.68219786859 -1.2561284285 0.384339743449 0.949332321337
16.456456456456458 -0.706862207716 -1.20747278366 0.402928364459 0.907357740345
16.476476476476478 -0.730530731938 -1.15665756204 0.420658082235 0.863537957258
16.496496496496498 -0.753160858155 -1.10374791641 0.437492553257 0.817932784676
16.516516516516518 -0.774711363181 -1.04881636697 0.453396677931 0.770608011579
16.536536536536538 -0.79514256569 -0.991942599392 0.468336744868 0.721635223983
16.556556556556558 -0.814416446936 -0.933213912351 0.48228053105 0.671092140889
16.576576576576578 -0.832496780341 -0.872725498618 0.495197408062 0.619062818672
16.596596596596598 -0.849349353166 -0.810579216112 0.507058512271 0.565636660489
16.616616616616618 -0.864942068097 -0.746884507364 0.517836832424 0.510909125076
16.636636636636638 -0.879245084445 -0.681758329843 0.527507323137 0.454981654028
16.656656656656658 -0.892230955342 -0.615323594749 0.536047008074 0.397960424224
16.676676676676678 -0.903874780273 -0.547709710665 0.54343510517 0.339956757672
16.696696696696698 -0.914154290258 -0.479051876745 0.549653093342 0.28108654954
16.716716716716718 -0.923049985235 -0.409490703778 0.554684821499 0.221469951981
16.736736736736738 -0.930545232481 -0.339171496197 0.558516585216 0.161230793958
16.756756756756758 -0.936626326416 -0.268243235604 0.561137171772 0.100495768145
16.776776776776778 -0.941282628445 -0.196858446347 0.562537972289 0.0393943066208
16.796796796796798 -0.944506526288 -0.125171858619 0.56271294602 -0.0219424787753
16.816816816816818 -0.946293536988 -0.0533398738132 0.561658701486 -0.0833822331226
16.836836836836838 -0.946642322064 0.0184802604185 0.559374506807 -0.144792018618
16.856856856856858 -0.945554700474 0.0901313262148 0.55586229808 -0.206039014236
16.876876876876878 -0.943035619793 0.161457038718 0.551126654357 -0.266991234276
16.896896896896898 -0.939093143965 0.232302808535 0.545174786255 -0.327518137555
16.916916916916918 -0.933738411936 0.302516587858 0.538016501069 -0.387491300359
16.936936936936938 -0.926985565969 0.371949609607 0.529664143818 -0.446785003318
16.956956956956958 -0.918851698201 0.440457186506 0.520132552788 -0.505276866808
16.976976976976978 -0.909356743668 0.507899226604 0.509438972835 -0.562848258301
16.996996996996998 -0.898523396776 0.574141126994 0.497602986617 -0.619385002344
17.017017017017018 -0.886376977351 0.639054010571 0.484646406759 -0.674777565743
17.037037037037038 -0.872945331406 0.702515371197 0.470593194938 -0.728921569206
17.057057057057058 -0.858258689019 0.764409431623 0.455469347162 -0.781718069637
17.077077077077078 -0.842349527644 0.82462745445 0.439302783384 -0.833073805461
17.097097097097098 -0.82525237474 0.88306802038 0.422123188309 -0.882901415646
17.117117117117118 -0.807003796794 0.939637030472 0.403962002548 -0.931119441412
17.137137137137138 -0.787642196649 0.994247797822 0.384852259254 -0.977652398219
17.157157157157158 -0.767207498586 1.04682126708 0.364828330248 -1.0224309482
17.177177177177178 -0.745741342038 1.09728565914 0.343926082238 -1.06539162041
17.197197197197198 -0.723286476095 1.14557638594 0.32218238883 -1.10647674239
17.217217217217218 -0.69988714445 1.19163603875 0.299635440636 -1.14563443234
17.237237237237238 -0.675588398052 1.23541357716 0.276324190921 -1.18281796037
17.25725725725726 -0.650436506891 1.27686482413 0.25228868764 -1.21798613865
17.27727727727728 -0.624478325948 1.31595103594 0.227569561068 -1.25110219893
17.2972972972973 -0.597761636024 1.35263970072 0.2022082992 -1.28213441943
17.31731731731732 -0.570334646482 1.38690285228 0.176246844227 -1.3110548061
17.33733733733734 -0.542246207879 1.41871782068 0.149727765142 -1.33783967949
17.35735735735736 -0.513545492505 1.44806571952 0.1226939963 -1.36246849725
17.37737737737738 -0.484282061564 1.47493180122 0.0951888925775 -1.38492413034
17.3973973973974 -0.454505722738 1.4993044843 0.0672561103512 -1.40519211181
17.41741741741742 -0.424266470298 1.52117507597 0.0389395585085 -1.42326042079
17.43743743743744 -0.393614502287 1.54053768376 0.0102834104079 -1.43911941993
17.45745745745746 -0.362600036942 1.55738796741 -0.0186680502372 -1.45276089416
17.47747747747748 -0.33127339184 1.57172347906 -0.0478703664598 -1.46417832041
17.4974974974975 -0.299684937657 1.58354331308 -0.0772789476781 -1.47336660034
17.51751751751752 -0.267885031228 1.59284744019 -0.106849131316 -1.48032156395
17.53753753753754 -0.235924034501 1.59963684596 -0.136536167504 -1.48504007779
17.55755755755756 -0.203852273634 1.60391301365 -0.166295261159 -1.48751966909
17.57757757757758 -0.171720045408 1.60567800798 -0.196081569103 -1.48775859913
17.5975975975976 -0.1395775988 1.60493425141 -0.225850221643 -1.48575570973
17.61761761761762 -0.10747512219 1.60168449032 -0.255556346502 -1.48151044079
17.63763763763764 -0.0754627609101 1.59593191459 -0.285155040688 -1.47502287874
17.65765765765766 -0.0435905995552 1.58768019304 -0.314601398218 -1.46629382824
17.67767767767768 -0.0119086069009 1.57693353065 -0.343850596215 -1.45532499322
17.6976976976977 0.019533297923 1.56369656249 -0.372857791306 -1.44211872957
17.71771771771772 0.050685312363 1.54797498621 -0.401578213343 -1.42667870467
17.73773773773774 0.0814977686582 1.52977584602 -0.429967209514 -1.40901009805
17.75775775775776 0.111921152894 1.50910759922 -0.457980232475 -1.38911968715
17.77777777777778 0.141906138594 1.48598053897 -0.485572890788 -1.36701619227
17.7977977977978 0.171403605752 1.46040695245 -0.512700970582 -1.3427103912
17.81781781781782 0.200364710354 1.43240174506 -0.53932050277 -1.31621569152
17.83783783783784 0.228740938527 1.40198284198 -0.56538781874 -1.28754843608
17.85785785785786 0.256484199794 1.36917193829 -0.590859634264 -1.25672863917
17.87787787787788 0.283546852464 1.33399429607 -0.615693084051 -1.22377963323
17.8978978978979 0.309881814428 1.29647959182 -0.639845818543 -1.188728893
17.91791791791792 0.335442611458 1.25666203928 -0.663276051769 -1.15160807653
17.93793793793794 0.360183547386 1.21458120657 -0.685942716682 -1.11245373485
17.95795795795796 0.384059730946 1.17028202672 -0.707805489263 -1.07130730479
17.97797797797798 0.407027262021 1.12381546646 -0.728824958218 -1.02821565257
17.997997997998 0.429043338166 1.0752386762 -0.748962719053 -0.983231186415
18.01801801801802 0.450066316328 1.02461523465 -0.768181430607 -0.936412056316
18.03803803803804 0.470055832716 0.97201533056 -0.786444921625 -0.887822292218
18.05805805805806 0.488973106902 0.917516048617 -0.803718458961 -0.837532005555
18.07807807807808 0.506781021417 0.861202060055 -0.819968824477 -0.785617966004
18.0980980980981 0.523444137371 0.803164400746 -0.835164317281 -0.732162563363
18.11811811811812 0.538928893376 0.74350105048 -0.84927493327 -0.677254272822
18.13813813813814 0.553203789781 0.68231714606 -0.862272529849 -0.620987811477
18.15815815815816 0.566239481774 0.61972398323 -0.874130901999 -0.563463279498
18.17817817817818 0.578008934502 0.555839694083 -0.884825922153 -0.504786714757
18.1981981981982 0.588487519045 0.490788040035 -0.894335619898 -0.44506905501
18.21821821821822 0.597653152626 0.424698410906 -0.902640305198 -0.384426118987
18.23823823823824 0.605486407434 0.357705481702 -0.909722663526 -0.322978299789
18.25825825825826 0.611970555747 0.289947971462 -0.915567792872 -0.260849502106
18.27827827827828 0.617091747087 0.221568905538 -0.920163359335 -0.198167343383
18.2982982982983 0.620838998183 0.152714338753 -0.923499587012 -0.135062062186
18.31831831831832 0.62320425528 0.0835325845603 -0.925569311595 -0.0716658514533
18.33833833833834 0.624182464445 0.0141736926463 -0.926368041664 -0.00811240086058
18.35835835835836 0.623771595469 -0.0552111518219 -0.925893979989 0.0554636259961
18.37837837837838 0.621972644051 -0.124470682468 -0.924148024406 0.118927496635
18.3983983983984 0.618789626031 -0.193454404122 -0.921133762536 0.182145144707
18.41841841841842 0.614229558969 -0.262013200571 -0.916857456512 0.244983698318
18.43843843843844 0.608302424633 -0.33000011857 -0.91132801054 0.307312157132
18.45845845845846 0.601021119094 -0.397271164196 -0.904556927306 0.369002081065
18.47847847847848 0.592401386209 -0.463685994491 -0.896558250579 0.429928189788
18.4984984984985 0.582461737608 -0.529108509965 -0.887348495998 0.489968878756
18.51851851851852 0.571223360425 -0.593407488251 -0.876946571106 0.549006770708
18.53853853853854 0.558710018238 -0.656457087703 -0.865373689366 0.606929158012
18.55855855855856 0.544947933454 -0.718137309091 -0.852653268098 0.663628409198
18.57857857857858 0.52996567179 -0.778334385522 -0.838810828014 0.719002315419
18.5985985985986 0.513794012536 -0.836941065045 -0.823873880146 0.772954346752
18.61861861861862 0.496465810058 -0.893856881904 -0.807871805305 0.825393898989
18.63863863863864 0.478015860594 -0.948988253331 -0.790835737305 0.876236393008
18.65865865865866 0.458480770186 -1.0022485987 -0.772798447279 0.925403393081
18.67867867867868 0.437898804988 -1.05355838712 -0.753794212577 0.972822664761
18.6986986986987 0.416309754815 -1.10284485864 -0.733858695545 1.01842795661
18.71871871871872 0.393754796711 -1.15004223217 -0.713028824404 1.06215919317
18.73873873873874 0.370276362388 -1.19509106716 -0.691342673411 1.10396195088
18.75875875875876 0.345918000763 -1.23793846232 -0.66883934292 1.14378764382
18.77877877877878 0.320724272315 -1.27853733731 -0.645558861543 1.18159292821
18.7987987987988 0.294740606871 -1.3168464288 -0.621542061284 1.217339717
18.81881881881882 0.268013223025 -1.35282965498 -0.596830500935 1.25099465083
18.83883883883884 0.240588998345 -1.38645587165 -0.571466350404 1.28252890761
18.85885885885886 0.212515413389 -1.41769832331 -0.545492334942 1.31191774213
18.87887887887888 0.183840428876 -1.4465343099 -0.518951624846 1.33914021917
18.8988988988989 0.154612369806 -1.47294486684 -0.491887730973 1.36417895645
18.91891891891892 0.124879998142 -1.49691399351 -0.464344554622 1.38701945138
18.93893893893894 0.0946923313469 -1.51842842811 -0.436366229119 1.40764991688
18.95895895895896 0.0640985780256 -1.53747726307 -0.407997057842 1.42606095951
18.97897897897898 0.0331482415387 -1.5540515987 -0.37928159196 1.44224525464
18.998998998999 0.00189092631638 -1.5681440338 -0.3502644604 1.45619714753
19.01901901901902 -0.0296236608751 -1.57974837571 -0.320990362746 1.46791239548
19.03903903903904 -0.0613456220884 -1.58885963995 -0.291504136706 1.47738813138
19.05905905905906 -0.0932249988301 -1.59547354657 -0.261850640525 1.48462245617
19.07907907907908 -0.125211756394 -1.59958640707 -0.232074758873 1.48961432287
19.0990990990991 -0.157255790813 -1.60119500022 -0.202221390148 1.49236341612
19.11911911911912 -0.18930693759 -1.60029648844 -0.172335432471 1.49287006445
19.13913913913914 -0.221314972803 -1.59688846386 -0.142461763995 1.49113530562
19.15915915915916 -0.253229633972 -1.59096883253 -0.112645242798 1.48716067897
19.17917917917918 -0.285000635847 -1.58253585753 -0.0829306987937 1.48094819284
19.1991991991992 -0.316577637869 -1.57158870523 -0.0533628846873 1.47250104011
19.21921921921922 -0.347910315498 -1.55812663583 -0.023986545625 1.4618224359
19.23923923923924 -0.378948320621 -1.54215068226 0.00515372298675 1.44891752642
19.25925925925926 -0.409641333706 -1.52366252944 0.0340133803283 1.43379202498
19.27927927927928 -0.439939098676 -1.50266595032 0.0625480623186 1.41645358686
19.2992992992993 -0.469791448499 -1.47916642996 0.0907135534854 1.39691136917
19.31931931931932 -0.499148349405 -1.45317181077 0.118465843708 1.37517657621
19.33933933933934 -0.527959946723 -1.42469260238 0.145761163056 1.35126268515
19.35935935935936 -0.556176638475 -1.39374257037 0.172556046488 1.32518590612
19.37937937937938 -0.58374910828 -1.36033907739 0.198807370864 1.29696546943
19.3993993993994 -0.610628466702 -1.32450370516 0.224472455647 1.26662406509
19.41941941941942 -0.636766272354 -1.28626257322 0.249509097224 1.23418813479
19.43943943943944 -0.662114668268 -1.2456466972 0.273875659594 1.19968810295
19.45945945945946 -0.686626469891 -1.20269257664 0.297531162569 1.16315887293
19.47947947947948 -0.710255261842 -1.1574425479 0.320435356149 1.12464009218
19.4994994994995 -0.73295558706 -1.10994533007 0.342548873874 1.08417658168
19.51951951951952 -0.754682967228 -1.06025606257 0.363833249344 1.04181836536
19.53953953953954 -0.775394218656 -1.00843706969 0.384251171993 0.997621271709
19.55955955955956 -0.795047239453 -0.954557286861 0.403766314635 0.951646482634
19.57957957957958 -0.813601649645 -0.898693459742 0.422343851248 0.903961478525
19.5995995995996 -0.831018451152 -0.840929500073 0.439950181951 0.854639530463
19.61961961961962 -0.847260593958 -0.781356879214 0.456553390215 0.803760012443
19.63963963963964 -0.862292780014 -0.720074526386 0.472123084556 0.751408320324
19.65965965965966 -0.87608186765 -0.657188564212 0.486630725184 0.69767566481
19.67967967967968 -0.888596867494 -0.592812386262 0.5000496207 0.642659132551
19.6996996996997 -0.899809112001 -0.527066093877 0.512355065363 0.58646124125
19.71971971971972 -0.909692480345 -0.460076266164 0.52352452083 0.529189758676
19.73973973973974 -0.918223287407 -0.391975787563 0.53353752683 0.470957565096
19.75975975975976 -0.925380754593 -0.322902603436 0.542376082448 0.411881669747
19.77977977977978 -0.93114683598 -0.252999726575 0.550024506203 0.352083213205
19.7997997997998 -0.935506368892 -0.182414605055 0.556469558375 0.291686966579
19.81981981981982 -0.938447196443 -0.111298100616 0.561700541447 0.230820520161
19.83983983983984 -0.939960234482 -0.0398037501649 0.565709355442 0.169613695817
19.85985985985986 -0.940039465514 0.0319127130166 0.56849049413 0.108198164386
19.87987987987988 -0.938682016934 0.103694508398 0.570041110398 0.0467065303497
19.8998998998999 -0.935888156289 0.175384520719 0.57036101386 -0.0147282379766
19.91991991991992 -0.931661288649 0.246826119359 0.56945267058 -0.0759734640123
19.93993993993994 -0.926008008481 0.317864075237 0.567321249933 -0.136897495614
19.95995995995996 -0.918937876042 0.388345250169 0.56397443848 -0.197370264877
19.97997997997998 -0.910463582492 0.458119541791 0.559422584369 -0.257264041037
20.0 -0.900600602977 0.527040287599 0.553678407013 -0.316453767148
