Estación:       TEZIUTLAN,  PUE
Operada por:    SMN EMAS
Longitud:       97°23'26"  Latitud: 19°53'16"  Altitud: 2015

DD/MM/AAAA HH:MM      DIRS      DIRR      VELS      VELR      TEMP        HR        PB      PREC   RADSOL
26/01/2018 17:00       354       344      6.34     14.00      13.4        98     852.1       0.0     201.7
26/01/2018 18:00       342       338      7.88     15.30      12.5       100     851.3       0.0     123.2
26/01/2018 19:00        10       357      3.87     13.10      12.3       100     850.7       0.0     126.2
26/01/2018 20:00        10       359      4.38     13.60      12.8       100     849.7       0.0     151.2
26/01/2018 21:00        18       356      4.89     11.90      12.2       100     849.2       0.2      75.7
26/01/2018 22:00         4       351      4.06      7.50      12.2       100     849.1       0.0      42.0
26/01/2018 23:00        34        56      3.25      8.10      12.1       100     849.3       0.2      13.8
27/01/2018 00:00        26        50      1.70      7.90      11.9       100     849.7       0.8       1.2
27/01/2018 01:00        42       360      2.41      5.40      11.9       100     850.2       0.4       0.0
27/01/2018 02:00       343       348      1.79      9.00      12.0       100     850.5       0.0       0.0
27/01/2018 03:00       173       225      2.59      5.10      11.9       100     850.6       0.0       0.0
27/01/2018 04:00       185       245      1.60      5.10      11.7       100     850.5       0.0       0.0
27/01/2018 05:00       252       222      0.76      6.50      11.6       100     850.4       0.0       0.0
27/01/2018 06:00       157       219      1.26      5.50      11.7       100     850.1       0.0       0.0
27/01/2018 07:00       352        61      1.10      5.90      11.3       100     849.9       0.0       0.0
27/01/2018 08:00       194       165      0.50      6.90      10.5       100     849.4       0.0       0.0
27/01/2018 09:00       340       274      0.87      6.90       9.7       100     848.9       0.0       0.0
27/01/2018 10:00       195       278      0.48      4.00       9.8       100     848.4       0.0       0.0
27/01/2018 11:00       194       218      4.76      8.60      10.2       100     848.4       0.0       0.0
27/01/2018 12:00       202       222      5.78      9.80      10.0       100     848.7       0.2       0.0
27/01/2018 13:00       193       195      4.37     10.20       9.5       100     849.1       0.0      17.5
27/01/2018 14:00       145       222      1.67      6.70      10.2       100     849.6       0.0     167.5
27/01/2018 15:00        57        84      5.08     12.40      14.4        93     849.7       0.0     428.3
27/01/2018 16:00        31        31      8.09     15.90      15.8        86     850.1       0.0     644.3
27/01/2018 17:00        14       357      7.47     17.20      14.6        91     850.1       0.0     293.7
27/01/2018 18:00        26       355      5.18     13.10      13.4        98     849.6       0.0     122.0
27/01/2018 19:00         9       349      4.03     12.40      13.4        97     849.0       0.0      78.3
27/01/2018 20:00        15        64      4.76     10.40      13.3        97     848.2       0.0      66.7
27/01/2018 21:00        16       358      1.82      7.90      13.4        98     847.5       0.0     105.7
27/01/2018 22:00         3        46      3.98      8.70      13.6        97     847.4       0.0      43.7
27/01/2018 23:00        22        41      4.22      8.40      13.2        99     847.9       0.0       9.7
28/01/2018 00:00         0        85      1.22      6.40      12.7       100     848.2       0.0       1.2
28/01/2018 01:00        69        72      1.89      8.00      12.5       100     848.8       0.0       0.0
28/01/2018 02:00       147       213      2.01      6.80      12.2       100     849.3       0.0       0.0
28/01/2018 03:00       147       243      1.56      8.60      12.0       100     849.7       0.0       0.0
28/01/2018 04:00       270       206      1.31      5.50      12.0       100     850.1       0.0       0.0
28/01/2018 05:00       199       360      1.11      5.00      11.6       100     850.2       0.0       0.0
28/01/2018 06:00       358        95      1.13      5.80      11.9       100     850.2       0.0       0.0
28/01/2018 07:00       353        83      1.83      4.00      12.1       100     850.0       0.0       0.0
28/01/2018 08:00         7       345      1.95      4.70      12.1       100     849.7       0.0       0.0
28/01/2018 09:00        11       360      2.60      4.50      12.2       100     849.5       0.0       0.0
28/01/2018 10:00       290        36      0.19      5.00      12.2       100     849.3       0.0       0.0
28/01/2018 11:00        24       275      0.14      4.20      12.2       100     849.4       0.2       0.0
28/01/2018 12:00       288       345      1.63      5.50      12.2       100     849.8       3.0       0.0
28/01/2018 13:00        22       322      1.20      7.00      12.3       100     850.4       0.0       6.2
28/01/2018 14:00        38       360      2.57      5.10      12.6       100     851.1       0.0      42.3
28/01/2018 15:00        22        49      3.94      9.10      13.5       100     851.8       0.0     138.0
28/01/2018 16:00        28        71      4.82      9.60      13.8        98     852.1       0.0     130.0
28/01/2018 17:00       354       360      4.02     11.60      13.8        99     852.0       0.0     166.5
28/01/2018 18:00        21        76      4.93     13.30      15.3        92     851.3       0.0     361.7
28/01/2018 19:00        22       359      6.37     14.70      14.7        96     850.6       0.0     246.5
28/01/2018 20:00        19       360      5.55     16.30      13.8        99     849.9       7.8      97.3
28/01/2018 21:00       356       360      6.61     17.90      13.3       100     849.8       7.6      81.2
28/01/2018 22:00        13       360      5.10     16.80      13.1       100     850.0       3.6      58.0
28/01/2018 23:00       345       357      6.76     17.00      13.0       100     850.3      10.6      20.2
29/01/2018 00:00         2       360      5.90     22.70      12.8       100     850.8      12.8       0.8
29/01/2018 01:00       358       360      3.31     11.60      12.6       100     851.3       6.0       0.0
29/01/2018 02:00        24       336      4.97     14.30      12.4       100     852.2      11.4       0.0
29/01/2018 03:00       204       283      4.28     10.40      11.8       100     852.8       7.8       0.0
29/01/2018 04:00       336       360      0.67     12.50      11.8       100     853.1       5.0       0.0
29/01/2018 05:00        16       332      2.68      7.20      11.8       100     853.1       4.4       0.0
29/01/2018 06:00       344       352      2.66      8.20      11.6       100     852.9       4.4       0.0
29/01/2018 07:00       340       360      3.85     15.30      11.4       100     852.8       6.0       0.0
29/01/2018 08:00        18       335      2.93     10.10      11.2       100     852.6       6.2       0.0
29/01/2018 09:00       357       348      4.38     10.80      11.1       100     852.4       4.6       0.0
29/01/2018 10:00       357       360      4.05     16.30      10.8       100     852.4       5.8       0.0
29/01/2018 11:00       355       334      5.53     15.30      10.6       100     852.7       5.4       0.0
29/01/2018 12:00         5       348      5.86     16.70      10.1       100     853.4       4.4       0.0
29/01/2018 13:00         1       359      6.31     17.20       9.9       100     854.4       7.4       4.5
29/01/2018 14:00       348       360      7.28     22.30       9.6       100     855.5       6.6      28.2
29/01/2018 15:00       351       360      6.46     25.00       9.3       100     856.7       4.2      58.2
29/01/2018 16:00       348       360      6.12     19.40       9.4       100     857.3       4.2      98.7
29/01/2018 17:00         3       356      9.03     25.70       9.1       100     857.5       4.2     142.5
29/01/2018 18:00       332       360      6.21     27.20       8.2       100     857.3       2.2     139.3
29/01/2018 19:00         2       358      7.86     27.50       8.1       100     856.6       1.8     132.0
29/01/2018 20:00       347       339      6.32     21.50       7.7       100     855.8       1.2     106.3
29/01/2018 21:00       351       360      7.21     18.50       7.2       100     855.7       1.4      97.8
29/01/2018 22:00       344       352      4.22     13.40       6.5       100     855.9       0.6      80.5
29/01/2018 23:00       350       360      2.37     15.10       6.6       100     856.2       0.2      20.2
30/01/2018 00:00        34        99      2.74      9.00       6.8       100     856.6       0.0       3.0
30/01/2018 01:00       353       359      3.53      9.70       6.6       100     857.2       0.4       0.0
30/01/2018 02:00        11       360      5.63     15.40       6.2        99     858.0       0.2       0.0
30/01/2018 03:00       334       359      2.98     12.60       5.5       100     859.0       0.8       0.0
30/01/2018 04:00        22       304      0.99      9.30       5.8       100     859.2       0.0       0.0
30/01/2018 05:00         6       311      1.82      5.40       5.6        99     858.6       0.0       0.0
30/01/2018 06:00       300       323      1.45      4.70       5.3       100     857.9       0.0       0.0
30/01/2018 07:00       305       355      1.24      6.30       5.1       100     857.4       0.0       0.0
30/01/2018 08:00       224       252      2.30      7.50       4.4       100     856.7       0.0       0.0
30/01/2018 09:00       305       236      1.16      4.50       4.0       100     855.9       0.0       0.0
30/01/2018 10:00       219       228      2.46      6.00       2.8       100     855.6       0.0       0.0
30/01/2018 11:00       297       229      1.69      5.10       1.9       100     855.8       0.2       0.0
30/01/2018 12:00        45       223      0.78      4.80       1.2       100     856.3       0.0       0.0
30/01/2018 13:00       336       360      1.04      8.90       0.9       100     856.6       0.0      22.3
30/01/2018 14:00        21       359      0.65     10.80       3.6        99     856.8       0.0     167.3
30/01/2018 15:00        40        84      7.33     17.50       7.2        87     856.9       0.0     349.8
30/01/2018 16:00        20       350      6.85     17.90       8.0        76     857.4       0.0     429.0
30/01/2018 17:00        25       348      7.09     16.80       8.5        72     857.1       0.0     560.2
30/01/2018 18:00         5       360      6.48     18.80       9.2        74     856.2       0.0     483.3
30/01/2018 19:00        26       360      8.02     18.30       8.9        79     855.3       0.0     397.0
30/01/2018 20:00        22        56      4.69     14.00       7.7        86     854.6       0.0     126.7
30/01/2018 21:00        61       341      1.77      7.80       8.2        84     854.1       0.0     139.3
30/01/2018 22:00       358       356      4.63     10.00       8.2        87     853.8       0.0      73.0
30/01/2018 23:00       350       343      2.94     10.30       7.2        92     853.9       0.0      22.2
31/01/2018 00:00       325       360      1.17      4.20       6.9        96     853.7       0.0       3.0
31/01/2018 01:00       346       359      0.70      4.90       6.7        99     854.0       0.0       0.0
31/01/2018 02:00       347       360      1.76      5.70       6.2       100     854.3       0.0       0.0
31/01/2018 03:00       331       319      1.35      5.20       5.9       100     854.4       0.0       0.0
31/01/2018 04:00        45       228      0.59      6.60       5.9       100     854.3       0.0       0.0
31/01/2018 05:00        44       226      0.69      4.50       5.7       100     853.9       0.0       0.0
31/01/2018 06:00       316       317      1.26      3.70       5.0       100     853.4       0.0       0.0
31/01/2018 07:00       276        25      1.04      5.40       5.0       100     853.0       0.0       0.0
31/01/2018 08:00        33       359      0.67      4.70       5.4       100     852.2       0.0       0.0
31/01/2018 09:00       309        91      0.51      4.20       5.6       100     851.5       0.0       0.0
31/01/2018 10:00        99       339      0.15      3.70       5.2       100     850.9       0.0       0.0
31/01/2018 11:00       220       294      0.50      3.50       4.1       100     850.5       0.0       0.0
31/01/2018 12:00       203       210      2.22      4.50       2.9       100     850.5       0.0       0.0
31/01/2018 13:00       200       356      1.27      4.70       2.5       100     850.8       0.0      10.5
31/01/2018 14:00       101        86      1.77      4.40       4.8       100     850.7       0.0     192.2
31/01/2018 15:00        79        60      1.87     14.70      11.2        80     850.7       0.0     462.0
31/01/2018 16:00        17       348      7.00     14.90      12.0        77     851.0       0.0     664.8
31/01/2018 17:00       349       350     10.06     22.30      12.3        74     850.7       0.0     806.5
31/01/2018 18:00       346       342     12.45     24.20      12.3        72     849.8       0.0     881.3
31/01/2018 19:00       356       360     10.24     21.70      12.8        74     849.1       0.0     827.5
31/01/2018 20:00        13        63      8.57     22.60      12.9        78     848.3       0.0     734.7
31/01/2018 21:00         1       359      7.96     19.90      12.8        82     847.6       0.0     590.8
31/01/2018 22:00        13       348      6.33     13.30      11.8        86     847.5       0.0     203.7
31/01/2018 23:00       356       348      4.63     11.00      10.3        94     847.7       0.0      56.8
01/02/2018 00:00       308        38      1.76      6.10       9.0        98     847.9       0.0       7.3
01/02/2018 01:00       216       200      2.71      5.90       7.5       100     848.3       0.0       0.0
01/02/2018 02:00       279       358      1.66      4.20       6.5       100     849.1       0.0       0.0
01/02/2018 03:00       285       226      1.31      4.00       5.5       100     849.4       0.0       0.0
01/02/2018 04:00       243       216      1.49      5.80       5.0       100     849.2       0.0       0.0
01/02/2018 05:00       202       246      1.09      4.00       4.7       100     848.9       0.0       0.0
01/02/2018 06:00       178       229      0.91      3.40       4.4       100     848.9       0.0       0.0
01/02/2018 07:00       209       238      1.38      3.40       4.4       100     848.6       0.0       0.0
01/02/2018 08:00       181       232      1.89      4.20       4.5       100     848.0       0.0       0.0
01/02/2018 09:00       180       198      1.98      4.20       5.3       100     847.9       0.0       0.0
01/02/2018 10:00       190       217      1.95      3.60       5.5       100     847.9       0.0       0.0
01/02/2018 11:00       186       199      2.04      4.10       5.2       100     847.9       0.0       0.0
01/02/2018 12:00       184       201      2.56      4.40       5.3       100     848.1       0.0       0.0
01/02/2018 13:00       191       220      2.80      5.10       5.8       100     848.5       0.0      19.0
01/02/2018 14:00       171       187      1.95      5.20       8.0       100     849.0       0.0     112.2
01/02/2018 15:00       143       336      1.90      3.60      13.7        99     849.4       0.0     340.5
01/02/2018 16:00        51        50      1.77     10.80      22.0        66     849.7       0.0     533.3
01/02/2018 17:00         0       357      4.53     10.40      22.0        54     850.0       0.0     358.0
01/02/2018 18:00       354       347      8.24     21.30      23.9        43     849.4       0.0     785.8
01/02/2018 19:00       276       359      0.56     16.80      23.9        41     848.8       0.0     802.7
01/02/2018 20:00        14       360      6.56     18.80      23.8        44     848.2       0.0     567.3
01/02/2018 21:00         2       360      6.13     21.10      22.4        43     848.3       0.0     365.0
01/02/2018 22:00       205       237      6.59     14.20      21.6        42     848.6       0.0     176.2
01/02/2018 23:00       190       230      1.34     10.60      19.9        57     849.1       0.0      96.2
02/02/2018 00:00       210       215      3.89      7.40      16.1        80     849.9       0.0       9.5
02/02/2018 01:00       202       226      3.93      5.90      12.6        91     850.6       0.0       0.0
02/02/2018 02:00       202       219      3.24      6.40      10.7        96     851.4       0.0       0.0
02/02/2018 03:00       197       216      3.14      5.40       9.6       100     852.0       0.0       0.0
02/02/2018 04:00       191       206      2.53      4.90       9.2       100     852.1       0.0       0.0
02/02/2018 05:00       198       229      2.43      4.30       8.2       100     852.1       0.0       0.0
02/02/2018 06:00       206       222      1.76      3.50       7.2       100     852.0       0.0       0.0
02/02/2018 07:00       237       243      1.06      3.00       6.5       100     851.9       0.0       0.0
02/02/2018 08:00       213       214      1.63      3.70       6.0       100     851.8       0.0       0.0
02/02/2018 09:00       245       228      1.48      2.70       5.7       100     851.6       0.0       0.0
02/02/2018 10:00       216       222      1.40      3.40       5.7       100     851.5       0.0       0.0
02/02/2018 11:00       328       360      0.84      2.40       5.3       100     851.7       0.0       0.0
02/02/2018 12:00       211       218      1.27      3.30       5.3       100     852.3       0.0       0.0
02/02/2018 13:00       291       208      0.66      3.20       4.9       100     853.1       0.0      12.0
